set view equal xyz
splot "-" with lines, "-" lc rgb "red" lt 0.1 with lines
-2.5 -2.5 2.5
-2.5 2.5 2.5

-2.5 2.5 -2.5
-2.5 2.5 -2.5


-2.5 2.5 -2.5
-2.5 -2.5 -2.5

-2.5 -2.5 2.5
-2.5 -2.5 2.5


-2.5 -2.5 -2.5
-2.5 2.5 -2.5

2.5 2.5 -2.5
2.5 2.5 -2.5


2.5 2.5 -2.5
2.5 -2.5 -2.5

-2.5 -2.5 -2.5
-2.5 -2.5 -2.5


2.5 -2.5 -2.5
2.5 2.5 -2.5

2.5 2.5 2.5
2.5 2.5 2.5


2.5 2.5 2.5
2.5 -2.5 2.5

2.5 -2.5 -2.5
2.5 -2.5 -2.5


2.5 -2.5 2.5
2.5 2.5 2.5

-2.5 2.5 2.5
-2.5 2.5 2.5


-2.5 2.5 2.5
-2.5 -2.5 2.5

2.5 -2.5 2.5
2.5 -2.5 2.5


2.5 -2.5 2.5
-2.5 -2.5 2.5

-2.5 -2.5 -2.5
-2.5 -2.5 -2.5


-2.5 -2.5 -2.5
2.5 -2.5 -2.5

2.5 -2.5 2.5
2.5 -2.5 2.5


2.5 2.5 -2.5
-2.5 2.5 -2.5

-2.5 2.5 2.5
-2.5 2.5 2.5


-2.5 2.5 2.5
2.5 2.5 2.5

2.5 2.5 -2.5
2.5 2.5 -2.5


-4.518 -2.5 1
-4.518 2.5 1

-4.518 2.5 -1
-4.518 2.5 -1


-4.518 2.5 -1
-4.518 -2.5 -1

-4.518 -2.5 1
-4.518 -2.5 1


-4.518 -2.5 -1
-4.518 2.5 -1

-2.5 2.5 -1
-2.5 2.5 -1


-2.5 2.5 -1
-2.5 -2.5 -1

-4.518 -2.5 -1
-4.518 -2.5 -1


-2.5 -2.5 -1
-2.5 2.5 -1

-2.5 2.5 1
-2.5 2.5 1


-2.5 2.5 1
-2.5 -2.5 1

-2.5 -2.5 -1
-2.5 -2.5 -1


-2.5 -2.5 1
-2.5 2.5 1

-4.518 2.5 1
-4.518 2.5 1


-4.518 2.5 1
-4.518 -2.5 1

-2.5 -2.5 1
-2.5 -2.5 1


-2.5 -2.5 1
-4.518 -2.5 1

-4.518 -2.5 -1
-4.518 -2.5 -1


-4.518 -2.5 -1
-2.5 -2.5 -1

-2.5 -2.5 1
-2.5 -2.5 1


-2.5 2.5 -1
-4.518 2.5 -1

-4.518 2.5 1
-4.518 2.5 1


-4.518 2.5 1
-2.5 2.5 1

-2.5 2.5 -1
-2.5 2.5 -1


E
7 0 3
-1.94427 0 -1.47214


7 0 3
-1.96427 -0.0980546 -1.43083


7 0 3
-1.89935 -0.117571 -1.55937


7 0 3
-1.86158 0.0478113 -1.63358


7 0 3
-1.92483 0.213133 -1.50577


7 0 3
-2.02996 0.140281 -1.29419


7 0 3
-2.04439 -0.130829 -1.26402


7 0 3
-1.93063 -0.285844 -1.49023


7 0 3
-1.81176 -0.107964 -1.72666


7 0 3
-1.83546 0.227134 -1.67794


7 0 3
-1.9895 0.323732 -1.36853


7 0 3
-2.09848 0.0366769 -1.14924


7 0 3
-2.02432 -0.322268 -1.29626


7 0 3
-1.83964 -0.324272 -1.66428


7 0 3
-1.75755 0.0628968 -1.82714


7 0 3
-1.88405 0.403631 -1.57283


7 0 3
-2.08182 0.286174 -1.17597


7 0 3
-2.1186 -0.179743 -1.10108


7 0 3
-1.9398 -0.460444 -1.45734


7 0 3
-1.74479 -0.21099 -1.84604


7 0 3
-1.76362 0.301985 -1.80705


7 0 3
-1.98466 0.484231 -1.36364


7 0 3
-2.15578 0.10338 -1.02008


7 0 3
-2.07166 -0.417311 -1.18699


7 0 3
-1.81931 -0.469431 -1.69034


7 0 3
-1.68838 0.0290116 -1.95088


7 0 3
-1.8376 0.513842 -1.65111


7 0 3
-2.10198 0.41379 -1.12101


7 0 3
-2.17441 -0.176149 -0.974808


7 0 3
-1.96198 -0.580968 -1.39835


7 0 3
-1.70325 -0.318595 -1.91446


7 0 3
-1.69963 0.326284 -1.92036


7 0 3
-1.96332 0.610211 -1.39164


7 0 3
-2.19332 0.188624 -0.930304


7 0 3
-2.1185 -0.466868 -1.07861


7 0 3
-1.81649 -0.595924 -1.68127


7 0 3
-1.63337 -0.0318504 -2.04618


7 0 3
-1.78614 0.585536 -1.73929


7 0 3
-2.10499 0.535833 -1.10024


7 0 3
-2.22116 -0.141153 -0.866571


7 0 3
-1.99287 -0.671105 -1.3218


7 0 3
-1.6772 -0.431279 -1.95179


7 0 3
-1.63986 0.317816 -2.02512


7 0 3
-1.93068 0.71446 -1.44212


7 0 3
-2.21763 0.287345 -0.866883


7 0 3
-2.16527 -0.484751 -0.970251


7 0 3
-1.82621 -0.709428 -1.64702


7 0 3
-1.58863 -0.112411 -2.12083


7 0 3
-1.73104 0.628607 -1.83465


7 0 3
-2.09508 0.653292 -1.10522


7 0 3
-2.26072 -0.0822731 -0.772575


7 0 3
-2.0303 -0.737156 -1.23206


7 0 3
-1.66344 -0.547152 -1.96442


7 0 3
-1.58388 0.283382 -2.12218


7 0 3
-1.88921 0.800273 -1.51016


7 0 3
-2.23086 0.395978 -0.825485


7 0 3
-2.21137 -0.476463 -0.863106


7 0 3
-1.84609 -0.810796 -1.59231


7 0 3
-1.55296 -0.208369 -2.17721


7 0 3
-1.67352 0.646988 -1.93472


7 0 3
-2.07423 0.765167 -1.13194


7 0 3
-2.29344 -0.00395956 -0.692138


7 0 3
-2.07263 -0.781453 -1.13239


7 0 3
-1.66043 -0.663838 -1.95543


7 0 3
-1.53205 0.226943 -2.21081


7 0 3
-1.84062 0.868421 -1.5923


7 0 3
-2.234 0.51138 -0.804184


7 0 3
-2.25592 -0.445129 -0.758958


7 0 3
-1.87455 -0.899442 -1.52033


7 0 3
-1.52598 -0.316291 -2.21609


7 0 3
-1.61483 0.642773 -2.03702


7 0 3
-2.04378 0.869789 -1.17775


7 0 3
-2.31918 0.0905084 -0.625566


7 0 3
-2.11849 -0.804976 -1.02557


7 0 3
-1.66724 -0.778931 -1.92669


7 0 3
-1.48498 0.151345 -2.28982


7 0 3
-1.78631 0.918812 -1.68578


7 0 3
-2.22757 0.63062 -0.80188


7 0 3
-2.29795 -0.393039 -0.659737


7 0 3
-1.91027 -0.974328 -1.43372


7 0 3
-1.50759 -0.433103 -2.23769


7 0 3
-1.55616 0.617419 -2.13915


7 0 3
-2.0048 0.965317 -1.24049


7 0 3
-2.33761 0.198203 -0.573481


7 0 3
-2.16655 -0.808286 -0.914212


7 0 3
-1.68309 -0.890001 -1.87973


7 0 3
-1.44334 0.0591208 -2.35784


7 0 3
-1.72752 0.951074 -1.7881


7 0 3
-2.21188 0.751189 -0.817978


7 0 3
-2.33657 -0.321694 -0.567199


7 0 3
-1.95222 -1.0343 -1.33451


7 0 3
-1.49786 -0.556364 -2.24184


7 0 3
-1.49858 0.571875 -2.23901


7 0 3
-1.95805 1.05002 -1.31866


7 0 3
-2.34837 0.316754 -0.536624


7 0 3
-2.21575 -0.791514 -0.800465


7 0 3
-1.70745 -0.994881 -1.81565


7 0 3
-1.40779 -0.0478535 -2.41358


7 0 3
-1.66549 0.964853 -1.89677


7 0 3
-2.18724 0.870506 -0.851871


7 0 3
-2.37081 -0.233275 -0.483318


7 0 3
-1.99935 -1.0782 -1.22484


7 0 3
-1.49669 -0.682997 -2.22875


7 0 3
-1.4432 0.507429 -2.33431


7 0 3
-1.90464 1.12208 -1.41003


7 0 3
-2.35115 0.443399 -0.515597


7 0 3
-2.26475 -0.75537 -0.68699


7 0 3
-1.73957 -1.09128 -1.73593


7 0 3
-1.37893 -0.166857 -2.45579


7 0 3
-1.60132 0.95979 -2.0096


7 0 3
-2.15413 0.985852 -0.902573


7 0 3
-2.39985 -0.129307 -0.409711


7 0 3
-2.0504 -1.10511 -1.1072


7 0 3
-1.50408 -0.810648 -2.19841


7 0 3
-1.39099 0.424878 -2.42316


7 0 3
-1.84536 1.17998 -1.51302


7 0 3
-2.34562 0.576026 -0.511076


7 0 3
-2.31252 -0.700218 -0.575845


7 0 3
-1.77895 -1.17726 -1.64156


7 0 3
-1.35732 -0.295911 -2.4834


7 0 3
-1.53604 0.935532 -2.12453


7 0 3
-2.11287 1.09504 -0.969432


7 0 3
-2.4229 -0.0113118 -0.347945


7 0 3
-2.10442 -1.11417 -0.983487


7 0 3
-1.52003 -0.937006 -2.15084


7 0 3
-1.34301 0.326025 -2.50344


7 0 3
-1.781 1.22224 -1.62603


7 0 3
-2.3317 0.71165 -0.523199


7 0 3
-2.35806 -0.626468 -0.469053


7 0 3
-1.82461 -1.25079 -1.53451


7 0 3
-1.34345 -0.433028 -2.49539


7 0 3
-1.47098 0.892447 -2.2389


7 0 3
-2.06384 1.19593 -1.05175


7 0 3
-2.43926 0.118206 -0.299466


7 0 3
-2.16046 -1.10462 -0.855618


7 0 3
-1.54413 -1.05922 -2.08683


7 0 3
-1.30008 0.211761 -2.57349


7 0 3
-1.7128 1.24772 -1.74661


7 0 3
-2.30918 0.848299 -0.552415


7 0 3
-2.40018 -0.535498 -0.368969


7 0 3
-1.87602 -1.31023 -1.41583


7 0 3
-1.33762 -0.575303 -2.49119


7 0 3
-1.40703 0.830377 -2.35092


7 0 3
-2.00782 1.28616 -1.14788


7 0 3
-2.44827 0.257813 -0.265532


7 0 3
-2.21719 -1.07635 -0.726249


7 0 3
-1.57631 -1.17531 -2.00656


7 0 3
-1.26308 0.0842979 -2.63155


7 0 3
-1.64149 1.2553 -1.87329


7 0 3
-2.27823 0.98303 -0.598338


7 0 3
-2.43802 -0.427835 -0.277311


7 0 3
-1.93206 -1.35401 -1.28778


7 0 3
-1.34018 -0.720934 -2.47006


7 0 3
-1.34545 0.750279 -2.45808


7 0 3
-1.94536 1.36392 -1.25679


7 0 3
-2.44947 0.404734 -0.247102


7 0 3
-2.27364 -1.02909 -0.597308


7 0 3
-1.6159 -1.28267 -1.91131


7 0 3
-1.23273 -0.054882 -2.67619


7 0 3
-1.56837 1.24442 -2.00344


7 0 3
-2.23893 1.11369 -0.660861


7 0 3
-2.47056 -0.305377 -0.19613


7 0 3
-1.99194 -1.38085 -1.15191


7 0 3
-1.35115 -0.866942 -2.432


7 0 3
-1.28717 0.652653 -2.55849


7 0 3
-1.87703 1.42743 -1.37731


7 0 3
-2.44243 0.557043 -0.245027


7 0 3
-2.32883 -0.962694 -0.470745


7 0 3
-1.66254 -1.37933 -1.80187


7 0 3
-1.2097 -0.204203 -2.70606


7 0 3
-1.49437 1.21449 -2.13524


7 0 3
-2.19137 1.2381 -0.739763


7 0 3
-2.49701 -0.169323 -0.127005


7 0 3
-2.0547 -1.38967 -1.01015


7 0 3
-1.37073 -1.01147 -2.3766


7 0 3
-1.23314 0.538128 -2.6503


7 0 3
-1.80393 1.47503 -1.50722


7 0 3
-2.42685 0.712428 -0.25991


7 0 3
-2.38159 -0.877726 -0.348937


7 0 3
-1.71576 -1.46338 -1.67911


7 0 3
-1.19451 -0.360904 -2.72012


7 0 3
-1.42056 1.16527 -2.26653


7 0 3
-2.13602 1.35377 -0.834116


7 0 3
-2.5166 -0.0209919 -0.0714674


7 0 3
-2.11948 -1.37948 -0.864217


7 0 3
-1.39849 -1.15133 -2.3047


7 0 3
-1.18436 0.408187 -2.73146


7 0 3
-1.72665 1.50532 -1.64538


7 0 3
-2.40244 0.868827 -0.292312


7 0 3
-2.43069 -0.775468 -0.23431


7 0 3
-1.77473 -1.53283 -1.54472


7 0 3
-1.18767 -0.523495 -2.71734


7 0 3
-1.34789 1.09651 -2.39541


7 0 3
-2.07367 1.45824 -0.942341


7 0 3
-2.52861 0.137407 -0.030952


7 0 3
-2.18508 -1.34976 -0.716507


7 0 3
-1.4347 -1.28517 -2.21576


7 0 3
-1.14177 0.265015 -2.80012


7 0 3
-1.64628 1.51713 -1.78958


7 0 3
-2.3692 1.0235 -0.342246


7 0 3
-2.47549 -0.655574 -0.128144


7 0 3
-1.83833 -1.58604 -1.40097


7 0 3
-1.18951 -0.689327 -2.69709


7 0 3
-1.27756 1.00871 -2.51946


7 0 3
-2.00428 1.55006 -1.06452


7 0 3
-2.53253 0.30307 -0.00649405


7 0 3
-2.25015 -1.30065 -0.569736


7 0 3
-1.47882 -1.41015 -2.11088


7 0 3
-1.10601 0.108774 -2.85498


7 0 3
-1.56416 1.50984 -1.93716


7 0 3
-2.32744 1.17349 -0.409085


7 0 3
-2.51485 -0.51977 -0.0327334


7 0 3
-1.90635 -1.62162 -1.24821


7 0 3
-1.20004 -0.855346 -2.65931


7 0 3
-1.21083 0.903093 -2.63619


7 0 3
-1.92881 1.62702 -1.19871


7 0 3
-2.52778 0.475355 0.000759602


7 0 3
-2.31418 -1.23127 -0.424905


7 0 3
-1.53007 -1.52375 -1.9916


7 0 3
-1.07788 -0.057984 -2.89444


7 0 3
-1.48066 1.4823 -2.08736


7 0 3
-2.27685 1.31754 -0.493436


7 0 3
-2.54779 -0.37023 0.0499711


7 0 3
-1.97753 -1.63828 -1.089


7 0 3
-1.2197 -1.02052 -2.60313


7 0 3
-1.1483 0.779222 -2.74439


7 0 3
-1.84841 1.68736 -1.34263


7 0 3
-2.51402 0.651217 -0.00986743


7 0 3
-2.3758 -1.14222 -0.284769


7 0 3
-1.58853 -1.62458 -1.85776


7 0 3
-1.05795 -0.232422 -2.91739


7 0 3
-1.39719 1.43432 -2.23736


7 0 3
-2.21797 1.45272 -0.594251


7 0 3
-2.57368 -0.207003 0.118723


7 0 3
-2.05052 -1.6353 -0.926052


7 0 3
-1.24832 -1.18172 -2.5289


7 0 3
-1.09117 0.638789 -2.84166


7 0 3
-1.76321 1.72973 -1.49603


7 0 3
-2.49119 0.827531 -0.0385077


7 0 3
-2.43393 -1.03401 -0.151466


7 0 3
-1.65325 -1.71031 -1.71128


7 0 3
-1.04677 -0.414021 -2.92267


7 0 3
-1.31514 1.36634 -2.38439


7 0 3
-2.15121 1.57678 -0.710691


7 0 3
-2.59168 -0.0326505 0.171822


7 0 3
-2.12498 -1.61152 -0.760012


7 0 3
-1.28545 -1.33594 -2.43752


7 0 3
-1.04034 0.483133 -2.92617


7 0 3
-1.67449 1.75272 -1.65632


7 0 3
-2.45883 1.00338 -0.0860624


7 0 3
-2.48734 -0.90818 -0.0274773


7 0 3
-1.72346 -1.77915 -1.55367


7 0 3
-1.04475 -0.599677 -2.90952


7 0 3
-1.23499 1.27752 -2.52747


7 0 3
-2.07746 1.68724 -0.840949


7 0 3
-2.60114 0.150829 0.207975


7 0 3
-2.19948 -1.56666 -0.593765


7 0 3
-1.33136 -1.48198 -2.32842


7 0 3
-0.996745 0.314698 -2.99609


7 0 3
-1.58363 1.7555 -1.82074


7 0 3
-2.41708 1.17552 -0.152251


7 0 3
-2.53545 -0.764326 0.0860519


7 0 3
-1.7979 -1.82953 -1.38745


7 0 3
-1.05198 -0.786188 -2.87771


7 0 3
-1.15815 1.16878 -2.6638


7 0 3
-1.99667 1.7828 -0.985167


7 0 3
-2.60159 0.340387 0.226251


7 0 3
-2.27258 -1.50106 -0.430181


7 0 3
-1.38541 -1.61693 -2.20293


7 0 3
-0.96097 0.133564 -3.05022


7 0 3
-1.49092 1.73692 -1.98872


7 0 3
-2.36637 1.34086 -0.236239


7 0 3
-2.57708 -0.604437 0.186772


7 0 3
-1.87646 -1.86016 -1.21288


7 0 3
-1.06893 -0.972731 -2.82634


7 0 3
-1.0859 1.04159 -2.79079


7 0 3
-1.90992 1.86122 -1.14116


7 0 3
-2.59249 0.535496 0.225573


7 0 3
-2.34383 -1.41387 -0.270141


7 0 3
-1.44668 -1.73818 -2.06283


7 0 3
-0.933802 -0.0574492 -3.08699


7 0 3
-1.39783 1.69658 -2.15733


7 0 3
-2.30638 1.49828 -0.338625


7 0 3
-2.61126 -0.430966 0.272733


7 0 3
-1.95772 -1.86984 -1.03274


7 0 3
-1.09549 -1.15597 -2.75558


7 0 3
-1.0188 0.895507 -2.90737


7 0 3
-1.81847 1.92079 -1.3064


7 0 3
-2.57356 0.732861 0.205379


7 0 3
-2.41179 -1.30591 -0.116552


7 0 3
-1.5153 -1.84448 -1.90791


7 0 3
-0.915759 -0.255239 -3.10538


7 0 3
-1.30549 1.63423 -2.3243


7 0 3
-2.23776 1.64471 -0.458148


7 0 3
-2.63741 -0.243907 0.342782


7 0 3
-2.04023 -1.85797 -0.849966


7 0 3
-1.13158 -1.3334 -2.66564


7 0 3
-0.958066 0.732481 -3.01104


7 0 3
-1.72243 1.96026 -1.48069


7 0 3
-2.54481 0.92914 0.165691


7 0 3
-2.47535 -1.17785 0.0283952


7 0 3
-1.59016 -1.93344 -1.74035


7 0 3
-0.907378 -0.459365 -3.10429


7 0 3
-1.21537 1.5505 -2.48668


7 0 3
-2.16099 1.77787 -0.593811


7 0 3
-2.65469 -0.0461034 0.395223


7 0 3
-2.12369 -1.82346 -0.665133


7 0 3
-1.17664 -1.50185 -2.55761


7 0 3
-0.904751 0.554966 -3.09975


7 0 3
-1.6232 1.97826 -1.66121


7 0 3
-2.50581 1.12351 0.105651


7 0 3
-2.53323 -1.03149 0.16213


7 0 3
-1.66999 -2.00322 -1.56271


7 0 3
-0.908998 -0.666464 -3.08306


7 0 3
-1.1279 1.44461 -2.64361


7 0 3
-2.0771 1.89525 -0.743556


7 0 3
-2.66251 0.159292 0.428894


7 0 3
-2.20657 -1.76618 -0.481337


7 0 3
-1.23093 -1.66025 -2.43096


7 0 3
-0.859409 0.362882 -3.17236


7 0 3
-1.52228 1.9741 -1.84496


7 0 3
-2.45679 1.31252 0.0257053


7 0 3
-2.58491 -0.866433 0.28359


7 0 3
-1.75473 -2.05259 -1.3751


7 0 3
-0.920656 -0.873092 -3.0416


7 0 3
-1.04457 1.31768 -2.79212


7 0 3
-1.98603 1.9956 -0.907545


7 0 3
-2.66033 0.37192 0.442728


7 0 3
-2.28732 -1.68667 -0.301633


7 0 3
-1.2937 -1.80551 -2.28722


7 0 3
-0.822955 0.159086 -3.22704


7 0 3
-1.41993 1.94666 -2.03143


7 0 3
-2.39826 1.4929 -0.0731039


7 0 3
-2.62915 -0.68493 0.390348


7 0 3
-1.84295 -2.08004 -1.18039


7 0 3
-0.942791 -1.0785 -2.97904


7 0 3
-0.966724 1.17145 -2.9295


7 0 3
-1.88897 2.07667 -1.08334


7 0 3
-2.64776 0.588347 0.43592


7 0 3
-2.36555 -1.5841 -0.126832


7 0 3
-1.36392 -1.93498 -2.12842


7 0 3
-0.796052 -0.0542555 -3.26248


7 0 3
-1.31773 1.89569 -2.21744


7 0 3
-2.32957 1.66425 -0.192086


7 0 3
-2.66498 -0.489722 0.480421


7 0 3
-1.93357 -2.08451 -0.980733


7 0 3
-0.974949 -1.2783 -2.89628


7 0 3
-0.894875 1.00548 -3.05475


7 0 3
-1.78686 2.13681 -1.26909


7 0 3
-2.6247 0.805034 0.408283


7 0 3
-2.43971 -1.45952 0.0399809


7 0 3
-1.44214 -2.04779 -1.95347


7 0 3
-0.779188 -0.27376 -3.27768


7 0 3
-1.21687 1.82106 -2.40064


7 0 3
-2.25294 1.82086 -0.326788


7 0 3
-2.69185 -0.280783 0.552727


7 0 3
-2.02545 -2.06521 -0.778391


7 0 3
-1.01748 -1.47157 -2.79262


7 0 3
-0.830305 0.821976 -3.16528


7 0 3
-1.68166 2.17472 -1.46088


7 0 3
-2.59071 1.0213 0.358923


7 0 3
-2.50867 -1.31374 0.196543


7 0 3
-1.52535 -2.1403 -1.76839


7 0 3
-0.772872 -0.499029 -3.27164


7 0 3
-1.11853 1.72294 -2.57862


7 0 3
-2.1671 1.96354 -0.479766


7 0 3
-2.70891 -0.0612392 0.605552


7 0 3
-2.11653 -2.02248 -0.577485


7 0 3
-1.06987 -1.65484 -2.6691


7 0 3
-0.773942 0.62264 -3.25924


7 0 3
-1.57255 2.18925 -1.66032


7 0 3
-2.54589 1.23348 0.288075


7 0 3
-2.57133 -1.1479 0.340665


7 0 3
-1.61488 -2.2123 -1.57051


7 0 3
-0.777407 -0.726427 -3.24374


7 0 3
-1.02461 1.60331 -2.74761


7 0 3
-2.07347 2.08878 -0.648178


7 0 3
-2.71554 0.166562 0.637701


7 0 3
-2.20741 -1.95461 -0.376836


7 0 3
-1.13168 -1.82556 -2.52659


7 0 3
-0.726636 0.409412 -3.33494


7 0 3
-1.46161 2.17941 -1.86326


7 0 3
-2.49037 1.43887 0.195991


7 0 3
-2.62623 -0.965386 0.469424


7 0 3
-1.70883 -2.26163 -1.36364


7 0 3
-0.792976 -0.953261 -3.19361


7 0 3
-0.934813 1.46009 -2.9082


7 0 3
-1.97284 2.19455 -0.830408


7 0 3
-2.71128 0.400114 0.648202


7 0 3
-2.29596 -1.86232 -0.180691


7 0 3
-1.20236 -1.98131 -2.36617


7 0 3
-0.689219 0.186671 -3.3907


7 0 3
-1.35004 2.14456 -2.06731


7 0 3
-2.42442 1.63477 0.0831873


7 0 3
-2.67332 -0.764001 0.582726


7 0 3
-1.8061 -2.287 -1.14996


7 0 3
-0.819633 -1.17679 -3.12115


7 0 3
-0.851027 1.29567 -3.05662


7 0 3
-1.86615 2.279 -1.02463


7 0 3
-2.69603 0.634612 0.636887


7 0 3
-2.38096 -1.746 0.00850606


7 0 3
-1.28123 -2.11976 -2.1892


7 0 3
-0.662079 -0.0476368 -3.42575


7 0 3
-1.23907 2.08439 -2.27001


7 0 3
-2.34842 1.81858 -0.0495496


7 0 3
-2.7112 -0.547511 0.677773


7 0 3
-1.90555 -2.28743 -0.931775


7 0 3
-0.856681 -1.3924 -3.02775


7 0 3
-0.774338 1.1114 -3.19068


7 0 3
-1.75438 2.34048 -1.22883


7 0 3
-2.6691 0.871703 0.602388


7 0 3
-2.4612 -1.60633 0.18834


7 0 3
-1.36653 -2.23806 -1.99923


7 0 3
-0.645927 -0.288831 -3.43866


7 0 3
-1.12994 1.99889 -2.46887


7 0 3
-2.26377 1.9865 -0.199432


7 0 3
-2.73908 -0.318056 0.752954


7 0 3
-2.00596 -2.26217 -0.711508


7 0 3
-0.905028 -1.60112 -2.91159


7 0 3
-0.705771 0.908884 -3.30833


7 0 3
-1.63968 2.37773 -1.43874


7 0 3
-2.63058 1.1064 0.544856


7 0 3
-2.53549 -1.44431 0.356456


7 0 3
-1.45926 -2.33587 -1.79422


7 0 3
-0.64118 -0.534249 -3.4286


7 0 3
-1.02391 1.88836 -2.66136


7 0 3
-2.16945 2.1388 -0.368493


7 0 3
-2.75623 -0.0779868 0.80686


7 0 3
-2.10511 -2.21174 -0.493593


7 0 3
-0.963799 -1.79831 -2.77442


7 0 3
-0.646275 0.690013 -3.40768


7 0 3
-1.52113 2.38964 -1.65618


7 0 3
-2.58051 1.33585 0.464369


7 0 3
-2.60272 -1.26122 0.510587


7 0 3
-1.5575 -2.41054 -1.57804


7 0 3
-0.648119 -0.781114 -3.39501


7 0 3
-0.922991 1.75503 -2.84346


7 0 3
-2.06702 2.27179 -0.553598


7 0 3
-2.76208 0.170166 0.838314


7 0 3
-2.20369 -2.13438 -0.276652


7 0 3
-1.0325 -1.98133 -2.61723


7 0 3
-0.596707 0.456906 -3.48701


7 0 3
-1.40098 2.37524 -1.87665


7 0 3
-2.51904 1.55723 0.361286


7 0 3
-2.66132 -1.0608 0.647656


7 0 3
-1.66015 -2.46054 -1.35288


7 0 3
-0.666893 -1.02657 -3.33758


7 0 3
-0.8268 1.59673 -3.01595


7 0 3
-1.95738 2.38339 -0.752971


7 0 3
-2.75614 0.423715 0.846377


7 0 3
-2.29943 -2.031 -0.065237


7 0 3
-1.11051 -2.14765 -2.44125


7 0 3
-0.557921 0.214321 -3.54461


7 0 3
-1.28051 2.334 -2.09761


7 0 3
-2.44652 1.76773 0.236245


7 0 3
-2.71134 -0.840676 0.767706


7 0 3
-1.76604 -2.48462 -1.12106


7 0 3
-0.69751 -1.26771 -3.2563


7 0 3
-0.737345 1.41612 -3.1748


7 0 3
-1.84152 2.47171 -0.964621


7 0 3
-2.73839 0.677491 0.830967


7 0 3
-2.39103 -1.90208 0.138084


7 0 3
-1.19707 -2.29488 -2.248


7 0 3
-0.530264 -0.0399959 -3.57978


7 0 3
-1.161 2.26567 -2.31646


7 0 3
-2.36425 1.96305 0.0918794


7 0 3
-2.75129 -0.604969 0.867801


7 0 3
-1.87393 -2.48183 -0.885077


7 0 3
-0.73918 -1.49963 -3.15274


7 0 3
-0.655747 1.21469 -3.31776


7 0 3
-1.72052 2.53513 -1.18637


7 0 3
-2.70814 0.93335 0.79072


7 0 3
-2.47724 -1.74846 0.330784


7 0 3
-1.29026 -2.42003 -2.04134


7 0 3
-0.514463 -0.300992 -3.59107


7 0 3
-1.0438 2.17033 -2.53055


7 0 3
-2.2712 2.14385 -0.0738955


7 0 3
-2.78037 -0.355999 0.946305


7 0 3
-1.98254 -2.45149 -0.647496


7 0 3
-0.792838 -1.72355 -3.02504


7 0 3
-0.583067 0.994241 -3.44271


7 0 3
-1.59669 2.57235 -1.41362


7 0 3
-2.6655 1.18595 0.725881


7 0 3
-2.55683 -1.57128 0.510407


7 0 3
-1.39115 -2.5229 -1.81908


7 0 3
-0.510914 -0.565824 -3.57769


7 0 3
-0.930201 2.04839 -2.73725


7 0 3
-2.16885 2.3059 -0.258087


7 0 3
-2.79785 -0.0963001 1.0018


7 0 3
-2.08948 -2.39423 -0.413065


7 0 3
-0.857512 -1.93452 -2.87513


7 0 3
-0.520277 0.75683 -3.54772


7 0 3
-1.46902 2.58234 -1.64836


7 0 3
-2.61057 1.43229 0.636617


7 0 3
-2.62861 -1.37196 0.674597


7 0 3
-1.49767 -2.6007 -1.5854


7 0 3
-0.519875 -0.831541 -3.53911


7 0 3
-0.822354 1.90235 -2.93227


7 0 3
-2.05805 2.44686 -0.458995


7 0 3
-2.80316 0.171414 1.03313


7 0 3
-2.19554 -2.30828 -0.180227


7 0 3
-0.932643 -2.1298 -2.70413


7 0 3
-0.468253 0.504755 -3.63102


7 0 3
-1.33993 2.56414 -1.88576


7 0 3
-2.54356 1.66938 0.523388


7 0 3
-2.69098 -1.15458 0.820121


7 0 3
-1.60864 -2.65192 -1.34265


7 0 3
-0.541463 -1.09512 -3.47511


7 0 3
-0.719794 1.72993 -3.11654


7 0 3
-1.93977 2.5646 -0.674688


7 0 3
-2.79584 0.444273 1.03936


7 0 3
-2.29829 -2.19468 0.046165


7 0 3
-1.01754 -2.30676 -2.51343


7 0 3
-0.427868 0.24314 -3.69086


7 0 3
-1.21078 2.51727 -2.12314


7 0 3
-2.46486 1.8943 0.386943


7 0 3
-2.744 -0.916627 0.94714


7 0 3
-1.72281 -2.67531 -1.09333


7 0 3
-0.575054 -1.35122 -3.38692


7 0 3
-0.624648 1.53403 -3.28582


7 0 3
-1.81509 2.6572 -0.903014


7 0 3
-2.77588 0.716748 1.02049


7 0 3
-2.39638 -2.05405 0.263414


7 0 3
-1.11137 -2.46293 -2.30469


7 0 3
-0.399442 -0.0304542 -3.72661


7 0 3
-1.08292 2.44154 -2.35773


7 0 3
-2.3759 2.10249 0.230159


7 0 3
-2.78614 -0.662532 1.05257


7 0 3
-1.83885 -2.66993 -0.840084


7 0 3
-0.621545 -1.60143 -3.27276


7 0 3
-0.538081 1.31633 -3.43775


7 0 3
-1.68517 2.72299 -1.14163


7 0 3
-2.74259 0.990893 0.975146


7 0 3
-2.48849 -1.88733 0.468874


7 0 3
-1.21205 -2.59518 -2.08205


7 0 3
-0.383716 -0.310611 -3.73678


7 0 3
-0.957764 2.33715 -2.58675


7 0 3
-2.27559 2.29477 0.0508506


7 0 3
-2.81657 -0.394802 1.13475


7 0 3
-1.95539 -2.63516 -0.585642


7 0 3
-0.680127 -1.84035 -3.13423


7 0 3
-0.461188 1.07876 -3.57016


7 0 3
-1.55248 2.76069 -1.38562


7 0 3
-2.69615 1.26101 0.903668


7 0 3
-2.57333 -1.69581 0.659983


7 0 3
-1.32075 -2.70341 -1.84321


7 0 3
-0.381072 -0.594307 -3.72061


7 0 3
-0.836688 2.20459 -2.80742


7 0 3
-2.16555 2.46668 -0.147741


7 0 3
-2.83456 -0.11615 1.19225


7 0 3
-2.06992 -2.57175 -0.335061


7 0 3
-0.750327 -2.06501 -2.97228


7 0 3
-0.394969 0.82357 -3.68103


7 0 3
-1.41593 2.76931 -1.63713


7 0 3
-2.63666 1.52394 0.806298


7 0 3
-2.64967 -1.48106 0.834289


7 0 3
-1.43523 -2.78473 -1.59263


7 0 3
-0.39175 -0.878415 -3.67761


7 0 3
-0.721956 2.0466 -3.01522


7 0 3
-2.04669 2.61581 -0.36377


7 0 3
-2.83953 0.170527 1.22389


7 0 3
-2.18329 -2.47791 -0.086611


7 0 3
-0.831522 -2.27254 -2.78816


7 0 3
-0.340322 0.55322 -3.76857


7 0 3
-1.27811 2.74788 -1.89102


7 0 3
-2.56442 1.77656 0.683586


7 0 3
-2.71583 -1.24746 0.988396


7 0 3
-1.55422 -2.83759 -1.33283


7 0 3
-0.415838 -1.15974 -3.6076


7 0 3
-0.613034 1.86079 -3.21121


7 0 3
-1.92007 2.73994 -0.595149


7 0 3
-2.83123 0.459432 1.22917


7 0 3
-2.29292 -2.35479 0.15455


7 0 3
-0.922954 -2.46021 -2.58338


7 0 3
-0.298152 0.273195 -3.83098


7 0 3
-1.14042 2.69597 -2.14443


7 0 3
-2.47983 2.01578 0.536388


7 0 3
-2.77192 -0.99236 1.12257


7 0 3
-1.67639 -2.86076 -1.06649


7 0 3
-0.452645 -1.43262 -3.51196


7 0 3
-0.512167 1.65033 -3.39091


7 0 3
-1.78683 2.83713 -0.839574


7 0 3
-2.80908 0.752921 1.20694


7 0 3
-2.3974 -2.20313 0.385595


7 0 3
-1.02372 -2.62546 -2.35974


7 0 3
-0.268746 -0.0191184 -3.86768


7 0 3
-1.00434 2.61348 -2.39446


7 0 3
-2.38447 2.23681 0.367812


7 0 3
-2.81635 -0.720516 1.23359


7 0 3
-1.80035 -2.85331 -0.796381


7 0 3
-0.503088 -1.69881 -3.38887


7 0 3
-0.420565 1.41702 -3.55189


7 0 3
-1.64822 2.90567 -1.09454


7 0 3
-2.773 1.04499 1.15703


7 0 3
-2.49534 -2.02399 0.603755


7 0 3
-1.1316 -2.76502 -2.12169


7 0 3
-0.252865 -0.317949 -3.87713


7 0 3
-0.871319 2.50065 -2.63818


7 0 3
-2.27718 2.44062 0.175574


7 0 3
-2.84824 -0.434605 1.31975


7 0 3
-1.92464 -2.81465 -0.525415


7 0 3
-0.566284 -1.95262 -3.24008


7 0 3
-0.339363 1.16297 -3.69188


7 0 3
-1.50688 2.94427 -1.35481


7 0 3
-2.72298 1.33235 1.07945


7 0 3
-2.58541 -1.81876 0.806356


7 0 3
-1.24782 -2.8789 -1.86677


7 0 3
-0.250885 -0.620094 -3.85858


7 0 3
-0.742814 2.35809 -2.87267


7 0 3
-2.1597 2.6225 -0.0368452


7 0 3
-2.86688 -0.13752 1.37958


7 0 3
-2.04659 -2.74564 -0.258947


7 0 3
-0.641705 -2.19091 -3.06665


7 0 3
-0.269595 0.890585 -3.80881


7 0 3
-1.36162 2.95196 -1.62269


7 0 3
-2.65919 1.61167 0.974512


7 0 3
-2.66563 -1.59166 0.989457


7 0 3
-1.36998 -2.96405 -1.59976


7 0 3
-0.263028 -0.92225 -3.8116


7 0 3
-0.621216 2.18874 -3.09315


7 0 3
-2.03302 2.77996 -0.267457


7 0 3
-2.87167 0.167664 1.41191


7 0 3
-2.16713 -2.64445 0.00490975


7 0 3
-0.728671 -2.41071 -2.86993


7 0 3
-0.212447 0.605375 -3.9003


7 0 3
-1.21519 2.92777 -1.89272


7 0 3
-2.58194 1.87967 0.842852


7 0 3
-2.7363 -1.33996 1.15366


7 0 3
-1.49676 -3.01892 -1.32333


7 0 3
-0.289359 -1.22105 -3.73604


7 0 3
-0.505918 1.99014 -3.30084


7 0 3
-1.89828 2.91072 -0.514028


7 0 3
-2.86237 0.474794 1.41625


7 0 3
-2.28354 -2.51238 0.2607


7 0 3
-0.826358 -2.60918 -2.65158


7 0 3
-0.168059 0.304543 -3.96607


7 0 3
-1.0691 2.87133 -2.16189


7 0 3
-2.4917 2.13313 0.685423


7 0 3
-2.79553 -1.06826 1.29518


7 0 3
-1.62674 -3.04226 -1.0403


7 0 3
-0.329122 -1.5105 -3.63343


7 0 3
-0.399286 1.76568 -3.49099


7 0 3
-1.75668 3.01277 -0.774099


7 0 3
-2.8384 0.786402 1.39147


7 0 3
-2.39434 -2.35023 0.505462


7 0 3
-0.9338 -2.78366 -2.41351


7 0 3
-0.137488 -0.00606312 -4.00401


7 0 3
-0.924867 2.78256 -2.42714


7 0 3
-2.39015 2.36701 0.505558


7 0 3
-2.84232 -0.779161 1.412


7 0 3
-1.75843 -3.03316 -0.753641


7 0 3
-0.383255 -1.79255 -3.50187


7 0 3
-0.302582 1.5173 -3.66109


7 0 3
-1.60956 3.08438 -1.04501


7 0 3
-2.79971 1.09614 1.33743


7 0 3
-2.49808 -2.1592 0.736301


7 0 3
-1.04863 -2.93072 -2.16047


7 0 3
-0.121257 -0.323198 -4.01308


7 0 3
-0.784032 2.6618 -2.68539


7 0 3
-2.27609 2.5824 0.300874


7 0 3
-2.87578 -0.47552 1.50239


7 0 3
-1.89032 -2.99105 -0.466396


7 0 3
-0.450808 -2.06116 -3.34327


7 0 3
-0.216978 1.24727 -3.80878


7 0 3
-1.4597 3.12422 -1.3212


7 0 3
-2.74631 1.40053 1.25418


7 0 3
-2.59336 -1.9408 0.950426


7 0 3
-1.17213 -3.05047 -1.88987


7 0 3
-0.119732 -0.643481 -3.99252


7 0 3
-0.649219 2.51158 -2.93139


7 0 3
-2.15138 2.77437 0.0750847


7 0 3
-2.89518 -0.160402 1.56485


7 0 3
-2.01956 -2.91688 -0.184231


7 0 3
-0.531198 -2.31308 -3.15879


7 0 3
-0.143545 0.958149 -3.93193


7 0 3
-1.30586 3.13136 -1.60515


7 0 3
-2.6784 1.6961 1.14212


7 0 3
-2.67811 -1.69951 1.1437


7 0 3
-1.30178 -3.13974 -1.60679


7 0 3
-0.133126 -0.963433 -3.94193


7 0 3
-0.519651 2.32953 -3.1667


7 0 3
-2.01707 2.94033 -0.169683


7 0 3
-2.89992 0.162941 1.59819


7 0 3
-2.14718 -2.80882 0.0948949


7 0 3
-0.623693 -2.54519 -2.9499


7 0 3
-0.0832305 0.652743 -4.02864


7 0 3
-1.14957 3.10411 -1.89377


7 0 3
-2.5972 1.97697 1.00368


7 0 3
-2.75269 -1.43249 1.31684


7 0 3
-1.43616 -3.19693 -1.31403


7 0 3
-0.161479 -1.27951 -3.8612


7 0 3
-0.397024 2.11626 -3.38792


7 0 3
-1.8757 3.07705 -0.428364


7 0 3
-2.88976 0.488003 1.60194


7 0 3
-2.2703 -2.66824 0.365229


7 0 3
-0.727404 -2.75455 -2.71836


7 0 3
-0.0368571 0.334104 -4.09725


7 0 3
-0.997823 3.04527 -2.17312


7 0 3
-2.50162 2.24483 0.836679


7 0 3
-2.8151 -1.14461 1.46586


7 0 3
-1.57377 -3.22078 -1.0146


7 0 3
-0.204669 -1.58816 -3.75059


7 0 3
-0.284678 1.87802 -3.58836


7 0 3
-1.72593 3.18452 -0.703631


7 0 3
-2.86413 0.817491 1.57497


7 0 3
-2.38737 -2.49607 0.623673


7 0 3
-0.841303 -2.9384 -2.46624


7 0 3
-0.0051012 0.00548531 -4.13642


7 0 3
-0.845447 2.95097 -2.45351


7 0 3
-2.39307 2.49385 0.643974


7 0 3
-2.86432 -0.838659 1.5887


7 0 3
-1.71306 -3.21039 -0.711599


7 0 3
-0.262402 -1.88583 -3.61069


7 0 3
-0.184324 1.62035 -3.76461


7 0 3
-1.57046 3.2598 -0.990103


7 0 3
-2.82298 1.1447 1.51716


7 0 3
-2.49688 -2.29358 0.867204


7 0 3
-0.964227 -3.09421 -2.19586


7 0 3
0.011796 -0.323312 -4.14566


7 0 3
-0.696767 2.82301 -2.72629


7 0 3
-2.27241 2.7209 0.427238


7 0 3
-2.89945 -0.517639 1.68356


7 0 3
-1.85242 -3.16521 -0.408249


7 0 3
-0.334215 -2.16903 -3.4424


7 0 3
-0.0940976 1.33492 -3.92039


7 0 3
-1.41077 3.30144 -1.28479


7 0 3
-2.76635 1.466 1.42863


7 0 3
-2.59736 -2.06243 1.09291


7 0 3
-1.09489 -3.21976 -1.90978


7 0 3
0.0131969 -0.661522 -4.12369


7 0 3
-0.553381 2.66215 -2.98827


7 0 3
-2.14061 2.92309 0.188451


7 0 3
-2.91971 -0.184795 1.74892


7 0 3
-1.99021 -3.08506 -0.10782


7 0 3
-0.417356 -2.42995 -3.25125


7 0 3
-0.0167522 1.02957 -4.05019


7 0 3
-1.24843 3.30835 -1.58456


7 0 3
-2.69448 1.77774 1.30981


7 0 3
-2.68745 -1.8046 1.29804


7 0 3
-1.23189 -3.31307 -1.6108


7 0 3
-0.00110817 -0.999143 -4.07009


7 0 3
-0.416853 2.46954 -3.23632


7 0 3
-1.99881 3.09771 -0.0701294


7 0 3
-2.9245 0.156443 1.78355


7 0 3
-2.12478 -2.97019 0.186393


7 0 3
-0.515069 -2.67468 -3.03074


7 0 3
0.0467324 0.707296 -4.15205


7 0 3
-1.08506 3.27981 -1.88617


7 0 3
-2.60775 2.07632 1.1615


7 0 3
-2.76585 -1.52244 1.48


7 0 3
-1.3708 -3.37232 -1.3078


7 0 3
-0.0311446 -1.33246 -3.98481


7 0 3
-0.2887 2.2467 -3.4674


7 0 3
-1.84825 3.24235 -0.345982


7 0 3
-2.91338 0.502491 1.78658


7 0 3
-2.25449 -2.82119 0.471102


7 0 3
-0.624516 -2.8953 -2.78654


7 0 3
0.0955124 0.3713 -4.22428


7 0 3
-0.922328 3.21546 -2.18629


7 0 3
-2.50672 2.35823 0.984823


7 0 3
-2.83136 -1.21857 1.63642


7 0 3
-1.51591 -3.39733 -0.992175


7 0 3
-0.0767651 -1.65774 -3.86813


7 0 3
-0.170369 1.99551 -3.6786


7 0 3
-1.69033 3.35486 -0.636351


7 0 3
-2.88606 0.849649 1.75742


7 0 3
-2.37541 -2.64332 0.738457


7 0 3
-0.744603 -3.08895 -2.52082


7 0 3
0.128892 0.0250132 -4.26548


7 0 3
-0.761911 3.11535 -2.48154


7 0 3
-2.39214 2.62009 0.781254


7 0 3
-2.88216 -0.902403 1.76363


7 0 3
-1.66268 -3.38631 -0.672988


7 0 3
-0.137647 -1.97129 -3.72071


7 0 3
-0.0632243 1.7182 -3.86722


7 0 3
-1.52653 3.43342 -0.938268


7 0 3
-2.84242 1.19414 1.69587


7 0 3
-2.49077 -2.43002 0.994908


7 0 3
-0.874104 -3.25302 -2.23606


7 0 3
0.146339 -0.327966 -4.2746


7 0 3
-0.605497 2.97994 -2.76857


7 0 3
-2.26489 2.85865 0.552584


7 0 3
-2.91916 -0.564379 1.86348


7 0 3
-1.80944 -3.33873 -0.353608


7 0 3
-0.213287 -2.26946 -3.54355


7 0 3
0.0314722 1.41733 -4.0307


7 0 3
-1.3584 3.47658 -1.24859


7 0 3
-2.78389 1.52604 1.60475


7 0 3
-2.59657 -2.18671 1.23249


7 0 3
-1.01166 -3.38518 -1.93497


7 0 3
0.147488 -0.683902 -4.25089


7 0 3
-0.454753 2.81005 -3.04403


7 0 3
-2.12604 3.0709 0.300915


7 0 3
-2.94053 -0.214113 1.93228


7 0 3
-1.95446 -3.25444 -0.0374632


7 0 3
-0.303013 -2.54871 -3.33799


7 0 3
0.112576 1.09576 -4.16678


7 0 3
-1.18761 3.48321 -1.56402


7 0 3
-2.70832 1.85405 1.47979


7 0 3
-2.69139 -1.91551 1.44833


7 0 3
-1.1558 -3.48342 -1.62047


7 0 3
0.132149 -1.03896 -4.19397


7 0 3
-0.311313 2.60694 -3.30465


7 0 3
-1.9796 3.25139 0.0343235


7 0 3
-2.94563 0.144791 1.9688


7 0 3
-2.09603 -3.13372 0.271997


7 0 3
-0.405982 -2.80568 -3.1057


7 0 3
0.179076 0.75663 -4.27341


7 0 3
-1.01585 3.45261 -1.88115


7 0 3
-2.61718 2.16809 1.32392


7 0 3
-2.77389 -1.61889 1.63975


7 0 3
-1.30495 -3.54608 -1.29571


7 0 3
0.10031 -1.38926 -4.10382


7 0 3
-0.176754 2.37223 -3.54727


7 0 3
-1.82136 3.40359 -0.255629


7 0 3
-2.93402 0.508574 1.97211


7 0 3
-2.23243 -2.97723 0.571339


7 0 3
-0.521193 -3.03716 -2.8487


7 0 3
0.230104 0.403331 -4.34887


7 0 3
-0.847822 3.38667 -2.19058


7 0 3
-2.51108 2.46449 1.13836


7 0 3
-2.84283 -1.29963 1.80429


7 0 3
-1.45747 -3.57184 -0.963992


7 0 3
0.0521464 -1.73091 -3.98078


7 0 3
-0.0544267 2.11358 -3.76519


7 0 3
-1.65546 3.522 -0.560679


7 0 3
-2.90541 0.873359 1.94166


7 0 3
-2.36195 -2.78608 0.857186


7 0 3
-0.647486 -3.2402 -2.5693


7 0 3
0.264952 0.0394602 -4.39172


7 0 3
-0.679275 3.28173 -2.50082


7 0 3
-2.39079 2.73971 0.924672


7 0 3
-2.89711 -0.960815 1.93975


7 0 3
-1.61163 -3.55978 -0.628738


7 0 3
-0.0119877 -2.06002 -3.82557


7 0 3
0.0581946 1.82248 -3.96347


7 0 3
-1.48345 3.60477 -0.877712


7 0 3
-2.8597 1.2352 1.87726


7 0 3
-2.48297 -2.56172 1.12625


7 0 3
-0.783565 -3.41209 -2.27008


7 0 3
0.283363 -0.324143 -4.40147


7 0 3
-0.514987 3.1398 -2.80229


7 0 3
-2.25727 2.99041 0.684755


7 0 3
-2.93577 -0.605791 2.04422


7 0 3
-1.76568 -3.5094 -0.293481


7 0 3
-0.0915504 -2.37281 -3.63925


7 0 3
0.157729 1.5068 -4.13533


7 0 3
-1.30698 3.65039 -1.20343


7 0 3
-2.79699 1.5901 1.77908


7 0 3
-2.59389 -2.30604 1.37538


7 0 3
-0.927999 -3.55043 -1.95392


7 0 3
0.284726 -0.697735 -4.37687


7 0 3
-0.356699 2.9618 -3.09153


7 0 3
-2.11163 3.21343 0.420826


7 0 3
-2.95801 -0.238141 2.1161


7 0 3
-1.91781 -3.42058 0.0381966


7 0 3
-0.183495 -2.66066 -3.42793


7 0 3
0.242987 1.16954 -4.27839


7 0 3
-1.12777 3.65771 -1.53437


7 0 3
-2.71754 1.9341 1.64767


7 0 3
-2.69324 -2.02127 1.6016


7 0 3
-1.07924 -3.65315 -1.62388


7 0 3
0.268819 -1.07028 -4.31749


7 0 3
-0.206115 2.74906 -3.36511


7 0 3
-1.95511 3.40589 0.135404


7 0 3
-2.9632 0.138357 2.1541


7 0 3
-2.06623 -3.29364 0.362693


7 0 3
-0.291347 -2.93046 -3.18455


7 0 3
0.312922 0.814006 -4.39056


7 0 3
-0.947599 3.62603 -1.86699


7 0 3
-2.62181 2.26327 1.48397


7 0 3
-2.77961 -1.71003 1.80211


7 0 3
-1.23241 -3.71825 -1.28977


7 0 3
0.235641 -1.43771 -4.22333


7 0 3
-0.0648756 2.50328 -3.61975


7 0 3
-1.78912 3.56519 -0.168712


7 0 3
-2.95087 0.519766 2.15732


7 0 3
-2.20641 -3.13329 0.670956


7 0 3
-0.411976 -3.17349 -2.91537


7 0 3
0.366642 0.443747 -4.47005


7 0 3
-0.768291 3.55504 -2.19763


7 0 3
-2.51046 2.5738 1.28927


7 0 3
-2.85174 -1.37525 1.97438


7 0 3
-1.39223 -3.74573 -0.942089


7 0 3
0.185389 -1.79596 -4.09476


7 0 3
0.0654502 2.2266 -3.85232


7 0 3
-1.61519 3.68905 -0.488477


7 0 3
-2.92074 0.902032 2.12519


7 0 3
-2.34224 -2.9334 0.970758


7 0 3
-0.544165 -3.38668 -2.62281


7 0 3
0.403413 0.0625314 -4.51539


7 0 3
-0.591681 3.44484 -2.52263


7 0 3
-2.38432 2.86202 1.06523


7 0 3
-2.90759 -1.02727 2.11435


7 0 3
-1.55372 -3.73363 -0.590809


7 0 3
0.118443 -2.14101 -3.93255


7 0 3
0.183393 1.92151 -4.05986


7 0 3
-1.43493 3.77555 -0.820623


7 0 3
-2.87273 1.28103 2.05756


7 0 3
-2.46911 -2.69882 1.25292


7 0 3
-0.686553 -3.56721 -2.30961


7 0 3
0.422683 -0.32569 -4.52548


7 0 3
-0.419605 3.29601 -2.8383


7 0 3
-2.24438 3.12444 0.813852


7 0 3
-2.94829 -0.655624 2.22426


7 0 3
-1.71504 -3.68143 -0.239615


7 0 3
0.0353785 -2.46889 -3.73785


7 0 3
0.287594 1.59083 -4.23967


7 0 3
-1.25009 3.82313 -1.16169


7 0 3
-2.80838 1.64585 1.95751


7 0 3
-2.5854 -2.43153 1.51416


7 0 3
-0.837639 -3.71262 -1.97875


7 0 3
0.42408 -0.716829 -4.49956


7 0 3
-0.253876 3.10951 -3.14103


7 0 3
-2.09182 3.35781 0.537479


7 0 3
-2.9718 -0.27086 2.30007


7 0 3
-1.87432 -3.58905 0.107751


7 0 3
-0.0630412 -2.77577 -3.51218


7 0 3
0.376828 1.23774 -4.38929


7 0 3
-1.06246 3.83066 -1.50808


7 0 3
-2.72544 2.00617 1.82051


7 0 3
-2.68955 -2.13391 1.75138


7 0 3
-0.995807 -3.82075 -1.63346


7 0 3
0.407426 -1.1067 -4.43728


7 0 3
-0.0962648 2.88677 -3.42726


7 0 3
-1.93106 3.55613 0.244974


7 0 3
-2.97747 0.123066 2.34045


7 0 3
-2.02968 -3.45684 0.447536


7 0 3
-0.175879 -3.05802 -3.25742


7 0 3
0.450015 0.865692 -4.50655


7 0 3
-0.877213 3.79902 -1.84943


7 0 3
-2.62549 2.35091 1.64979


7 0 3
-2.78011 -1.80867 1.9617


7 0 3
-1.15933 -3.88984 -1.2772


7 0 3
0.372734 -1.49107 -4.33867


7 0 3
0.0515203 2.62959 -3.69357


7 0 3
-1.75749 3.72341 -0.0728679


7 0 3
-2.96483 0.522043 2.34447


7 0 3
-2.17925 -3.2856 0.776006


7 0 3
-0.302016 -3.31217 -2.97579


7 0 3
0.506232 0.478406 -4.5896


7 0 3
-0.689557 3.72547 -2.19534


7 0 3
-2.50924 2.67611 1.44672


7 0 3
-2.85577 -1.4589 2.14246


7 0 3
-1.32642 -3.91852 -0.913559


7 0 3
0.320223 -1.8657 -4.20415


7 0 3
0.185806 2.3464 -3.93262


7 0 3
-1.57566 3.85364 -0.406996


7 0 3
-2.93359 0.921841 2.31158


7 0 3
-2.3212 -3.07655 1.0895


7 0 3
-0.440175 -3.53505 -2.66985


7 0 3
0.54473 0.0798247 -4.63696


7 0 3
-0.504748 3.61099 -2.53529


7 0 3
-2.37755 2.97795 1.21303


7 0 3
-2.91535 -1.08798 2.29132


7 0 3
-1.49518 -3.90586 -0.546298


7 0 3
0.250303 -2.2264 -4.03454


7 0 3
0.309437 2.02795 -4.15009


7 0 3
-1.38725 3.94482 -0.753996


7 0 3
-2.88369 1.31816 2.24161


7 0 3
-2.45375 -2.83136 1.38446


7 0 3
-0.588926 -3.72375 -2.34246


7 0 3
0.565225 -0.318188 -4.64803


7 0 3
-0.324699 3.45619 -2.86545


7 0 3
-2.23148 3.2528 0.950845


7 0 3
-2.95781 -0.699592 2.40625


7 0 3
-1.66369 -3.85133 -0.179256


7 0 3
0.163585 -2.56904 -3.83106


7 0 3
0.418708 1.68285 -4.33857


7 0 3
-1.19407 3.99536 -1.11026


7 0 3
-2.81523 1.70666 2.1348


7 0 3
-2.57519 -2.55212 1.65748


7 0 3
-0.746701 -3.87571 -1.99675


7 0 3
0.567138 -0.72689 -4.62167


7 0 3
-0.151298 3.26209 -3.18205


7 0 3
-2.07224 3.49728 0.662608


7 0 3
-2.98232 -0.297649 2.48552


7 0 3
-1.83001 -3.75489 0.183671


7 0 3
0.0633931 -2.88419 -3.60037


7 0 3
0.512347 1.3144 -4.49551


7 0 3
-0.998012 4.0041 -1.47202


7 0 3
-2.72854 2.08304 1.99181


7 0 3
-2.68392 -2.2413 1.90534


7 0 3
-0.908325 -3.98752 -1.64307


7 0 3
0.550217 -1.13422 -4.55737


7 0 3
0.0136151 3.0302 -3.48138


7 0 3
-1.90123 3.70829 0.351089


7 0 3
-2.9882 0.113724 2.52782


7 0 3
-1.99218 -3.61691 0.53857


7 0 3
-0.0540638 -3.17956 -3.33487


7 0 3
0.589234 0.926222 -4.61867


7 0 3
-0.801001 3.97029 -1.83541


7 0 3
-2.62414 2.44306 1.81367


7 0 3
-2.77843 -1.90178 2.12505


7 0 3
-1.0789 -4.06057 -1.2712


7 0 3
0.514485 -1.53576 -4.45517


7 0 3
0.168261 2.76242 -3.75991


7 0 3
-1.71997 3.88303 0.0193548


7 0 3
-2.97497 0.530239 2.53217


7 0 3
-2.14525 -3.44254 0.87555


-7 0 3
1.94427 0 -1.47214


-7 0 3
1.97298 0.0595203 -1.41385


-7 0 3
1.9387 -0.124159 -1.48153


-7 0 3
1.90169 0.121153 -1.55469


-7 0 3
2.02052 -0.0307077 -1.31617


-7 0 3
1.86815 -0.105802 -1.62003


-7 0 3
1.96726 0.208562 -1.42095


-7 0 3
1.98992 -0.207037 -1.37474


-7 0 3
1.83671 0.0855636 -1.6803


-7 0 3
2.05051 0.100955 -1.25182


-7 0 3
1.88792 -0.252637 -1.57614


-7 0 3
1.90128 0.279165 -1.54854


-7 0 3
2.05835 -0.153238 -1.23354


-7 0 3
1.80079 -0.0683089 -1.74778


-7 0 3
2.02432 0.270104 -1.29985


-7 0 3
1.95869 -0.338966 -1.43023


-7 0 3
1.81797 0.227519 -1.7108


-7 0 3
2.10097 0.0150381 -1.14393


-7 0 3
1.81927 -0.264196 -1.70646


-7 0 3
1.9456 0.384437 -1.45292


-7 0 3
2.05044 -0.303187 -1.24235


-7 0 3
1.75758 0.053963 -1.8272


-7 0 3
2.08867 0.236592 -1.16416


-7 0 3
1.89466 -0.413277 -1.55128


-7 0 3
1.83967 0.375484 -1.66039


-7 0 3
2.12375 -0.134257 -1.09136


-7 0 3
1.75229 -0.188964 -1.8334


-7 0 3
2.01411 0.423564 -1.30887


-7 0 3
2.00527 -0.440038 -1.32568


-7 0 3
1.74571 0.221433 -1.84391


-7 0 3
2.14315 0.123408 -1.04815


-7 0 3
1.81438 -0.414012 -1.70482


-7 0 3
1.89519 0.492912 -1.54231


-7 0 3
2.11233 -0.311018 -1.10716


-7 0 3
1.70256 -0.0425754 -1.92582


-7 0 3
2.09092 0.384083 -1.14821


-7 0 3
1.93051 -0.530698 -1.46815


-7 0 3
1.76963 0.398535 -1.78902


-7 0 3
2.17381 -0.0503275 -0.979773


-7 0 3
1.73377 -0.334053 -1.85898


-7 0 3
1.97505 0.550615 -1.37553


-7 0 3
2.06487 -0.479606 -1.195


-7 0 3
1.68215 0.151608 -1.95957


-7 0 3
2.16014 0.265016 -1.0027


-7 0 3
1.83755 -0.550601 -1.647


-7 0 3
1.82834 0.550086 -1.66453


-7 0 3
2.17083 -0.25719 -0.978669


-7 0 3
1.66832 -0.178869 -1.98279


-7 0 3
2.06616 0.529386 -1.18622


-7 0 3
1.98528 -0.606201 -1.3471


-7 0 3
1.69833 0.362743 -1.9201


-7 0 3
2.20712 0.0782495 -0.901632


-7 0 3
1.74079 -0.486543 -1.83341


-7 0 3
1.91512 0.644681 -1.48385


-7 0 3
2.12971 -0.463847 -1.05379


-7 0 3
1.63136 0.0335601 -2.04961


-7 0 3
2.15326 0.422515 -1.00491


-7 0 3
1.88286 -0.662878 -1.54482


-7 0 3
1.75261 0.556128 -1.80443


-7 0 3
2.22034 -0.152721 -0.868082


-7 0 3
1.65587 -0.338609 -1.99613


-7 0 3
2.01838 0.658879 -1.27022


-7 0 3
2.05205 -0.635431 -1.20198


-7 0 3
1.6322 0.274986 -2.04079


-7 0 3
2.22091 0.236956 -0.862473


-7 0 3
1.77115 -0.631582 -1.7611


-7 0 3
1.84035 0.697974 -1.62181


-7 0 3
2.19303 -0.395847 -0.915536


-7 0 3
1.59743 -0.120449 -2.10585


-7 0 3
2.1231 0.58075 -1.05362


-7 0 3
1.94538 -0.740496 -1.40816


-7 0 3
1.67473 0.510696 -1.94857


-7 0 3
2.25578 -0.0073475 -0.785558


-7 0 3
1.66606 -0.507039 -1.9641


-7 0 3
1.95132 0.760384 -1.39269


-7 0 3
2.12441 -0.614994 -1.04561


-7 0 3
1.57698 0.142321 -2.13957


-7 0 3
2.21303 0.411989 -0.86657


-7 0 3
1.82229 -0.755786 -1.64716


-7 0 3
1.7566 0.704435 -1.77763


-7 0 3
2.24868 -0.279944 -0.792572


-7 0 3
1.58362 -0.297988 -2.12178


-7 0 3
2.071 0.72569 -1.14613


-7 0 3
2.01991 -0.775115 -1.24739


-7 0 3
1.60103 0.415435 -2.08427


-7 0 3
2.27299 0.168206 -0.739445


-7 0 3
1.69876 -0.669985 -1.88699


-7 0 3
1.86936 0.823676 -1.54489


-7 0 3
2.19605 -0.543923 -0.890595


-7 0 3
1.5376 -0.0264938 -2.2066


-7 0 3
2.18249 0.589483 -0.915911


-7 0 3
1.89076 -0.847448 -1.49846


-7 0 3
1.66994 0.660622 -1.9392


-7 0 3
2.29114 -0.122735 -0.695894


-7 0 3
1.59199 -0.485916 -2.09329


-7 0 3
1.99939 0.844552 -1.27758


-7 0 3
2.10082 -0.760996 -1.07382


-7 0 3
1.5374 0.274639 -2.19975


-7 0 3
2.26891 0.361902 -0.735817


-7 0 3
1.75256 -0.814 -1.76761


E
pause mouse close
