c ---------- Cells ---------
1 0 -1 -2 -3 -4 -5 -6 -7 -8 
     -9 -10 -11 -12 -13 -14 -15 -16 -17 -18 
     -19 -20 -21 -22 -23 -24 -25 -26 -27 -28 
     -29 -30 -31 -32 -33 -34 -35 -36 -37 -38 
     -39 -40 -41 -42 -43 -44 -45 -46 -47 -48 
     -49 -50 -51 -52 -53 -54 -55 -56 -57 -58 
     -59 -60 -61 -62 -63 -64 -65 -66 -67 -68 
     -69 -70 -71 -72 -73 -74 -75 -76 -77 -78 
     -79 -80 -81 -82 -83 -84 -85 -86 -87 -88 
     -89 -90 -91 -92 -93 -94 -95 -96 -97 -98 
     -99 -100 -101 -102 -103 -104 -105 -106 -107 -108 
     -109 -110 -111 -112 -113 -114 -115 -116 -117 -118 
     -119 -120 -121 -122 -123 -124 -125 -126 -127 -128 
     -129 -130 -131 -132 -133 -134 -135 -136 -137 -138 
     -139 -140 -141 -142 -143 -144 -145 -146 -147 -148 
     -149 -150 -151 -152 -153 -154 -155 -156 -157 -158 
     -159 -160 -161 -162 -163 -164 -165 -166 -167 -168 
     -169 -170 -171 -172 -173 -174 -175 -176 -177 -178 
     -179 -180 -181 -182 -183 -184 -185 -186 -187 -188 
     -189 -190 -191 -192 -193 -194 -195 -196 -197 -198 
     -199 -200 -201 -202 -203 -204 -205 -206 -207 -208 
     -209 -210 -211 -212 -213 -214 -215 -216 -217 -218 
     -219 -220 -221 -222 -223 -224 -225 -226 -227 -228 
     -229 -230 -231 -232 -233 -234 -235 -236 -237 -238 
     -239 -240 -241 -242 -243 -244 -245 -246 -247 -248 
     -249 -250 -251 -252 -253 -254 -255 -256 -257 -258 
     -259 -260 -261 -262 -263 -264 -265 -266 -267 -268 
     -269 -270 -271 -272 -273 -274 -275 -276 -277 -278 
     -279 -280 -281 -282 -283 -284 -285 -286 -287 -288 
     -289 -290 -291 -292 -293 -294 -295 -296 -297 -298 
     -299 -300 -301 -302 -303 -304 -305 -306 -307 -308 
     -309 -310 -311 -312 -313 -314 -315 -316 -317 -318 
     -319 -320 -321 -322 -323 -324 -325 -326 -327 -328 
     -329 -330 -331 -332 -333 -334 -335 -336 -337 -338 
     -339 -340 -341 -342 -343 -344 -345 -346 -347 -348 
     -349 -350 -351 -352 -353 -354 -355 -356 -357 -358 
     -359 -360 -361 -362 -363 -364 -365 -366 -367 -368 
     -369 -370 -371 -372 -373 -374 -375 -376 -377 -378 
     -379 -380 -381 -382 -383 -384 -385 -386 -387 -388 
     -389 -390 -391 -392 -393 -394 -395 -396 -397 -398 
     -399 -400 -401 -402 -403 -404 -405 -406 -407 -408 
     -409 -410 -411 -412 -413 -414 -415 -416 -417 -418 
     -419 -420 -421 -422 -423 -424 -425 -426 -427 -428 
     -429 -430 -431 -432 -433 -434 -435 -436 -437 -438 
     -439 -440 -441 -442 -443 -444 -445 -446 -447 -448 
     -449 -450 -451 -452 -453 -454 -455 -456 -457 -458 
     -459 -460 -461 -462 -463 -464 -465 -466 -467 -468 
     -469 -470 -471 -472 -473 -474 -475 -476 -477 -478 
     -479 -480 -481 -482 -483 -484 -485 -486 -487 -488 
     -489 -490 -491 -492 -493 -494 -495 -496 -497 -498 
     -499 -500 -501 -502 -503 -504 -505 -506 -507 -508 
     -509 -510 -511 -512 -513 -514 -515 -516 -517 -518 
     -519 -520 -521 -522 -523 -524 -525 -526 -527 -528 
     -529 -530 -531 -532 -533 -534 -535 -536 -537 -538 
     -539 -540 -541 -542 -543 -544 -545 -546 -547 -548 
     -549 -550 -551 -552 -553 -554 -555 -556 -557 -558 
     -559 -560 -561 -562 -563 -564 -565 -566 -567 -568 
     -569 -570 -571 -572 -573 -574 -575 -576 -577 -578 
     -579 -580 
     imp:p=1
2 0 
     -581 -582 -583 -584 -585 -586 -587 -588 -589 -590 
     -591 -592 -593 -594 -595 -596 -597 -598 -599 -600 
     -601 -602 -603 -604 -605 -606 -607 -608 -609 -610 
     -611 -612 -613 -614 -615 -616 -617 -618 -619 -620 
     -621 -622 -623 -624 -625 -626 -627 -628 -629 -630 
     -631 -632 -633 -634 -635 -636 -637 -638 -639 -640 
     -641 -642 -643 -644 -645 -646 -647 -648 -649 -650 
     -651 -652 -653 -654 -655 -656 -657 -658 -659 -660 
     -661 -662 -663 -664 -665 -666 -667 -668 -669 -670 
     -671 -672 -673 -674 -675 -676 -677 -678 -679 -680 
     -681 -682 -683 -684 -685 -686 -687 -688 -689 -690 
     -691 -692 -693 -694 -695 -696 -697 -698 -699 -700 
     -701 -702 -703 -704 -705 -706 -707 -708 -709 -710 
     -711 -712 -713 -714 -715 -716 -717 -718 -719 -720 
     -721 -722 -723 -724 -725 -726 -727 -728 -729 -730 
     -731 -732 -733 -734 -735 -736 -737 -738 -739 -740 
     -741 -742 -743 -744 -745 -746 -747 -748 -749 -750 
     -751 -752 -753 -754 -755 -756 -757 -758 -759 -760 
     -761 -762 -763 -764 -765 -766 -767 -768 -769 -770 
     -771 -772 -773 -774 -775 -776 -777 -778 -779 -780 
     -781 -782 -783 -784 -785 -786 -787 -788 -789 -790 
     -791 -792 -793 -794 -795 -796 -797 -798 -799 -800 
     -801 -802 -803 -804 -805 -806 -807 -808 -809 -810 
     -811 -812 
     imp:p=1
998 0 -999 (1:2:3:4:5:6:7:8:
     9:10:11:12:13:14:15:16:17:18:
     19:20:21:22:23:24:25:26:27:28:
     29:30:31:32:33:34:35:36:37:38:
     39:40:41:42:43:44:45:46:47:48:
     49:50:51:52:53:54:55:56:57:58:
     59:60:61:62:63:64:65:66:67:68:
     69:70:71:72:73:74:75:76:77:78:
     79:80:81:82:83:84:85:86:87:88:
     89:90:91:92:93:94:95:96:97:98:
     99:100:101:102:103:104:105:106:107:108:
     109:110:111:112:113:114:115:116:117:118:
     119:120:121:122:123:124:125:126:127:128:
     129:130:131:132:133:134:135:136:137:138:
     139:140:141:142:143:144:145:146:147:148:
     149:150:151:152:153:154:155:156:157:158:
     159:160:161:162:163:164:165:166:167:168:
     169:170:171:172:173:174:175:176:177:178:
     179:180:181:182:183:184:185:186:187:188:
     189:190:191:192:193:194:195:196:197:198:
     199:200:201:202:203:204:205:206:207:208:
     209:210:211:212:213:214:215:216:217:218:
     219:220:221:222:223:224:225:226:227:228:
     229:230:231:232:233:234:235:236:237:238:
     239:240:241:242:243:244:245:246:247:248:
     249:250:251:252:253:254:255:256:257:258:
     259:260:261:262:263:264:265:266:267:268:
     269:270:271:272:273:274:275:276:277:278:
     279:280:281:282:283:284:285:286:287:288:
     289:290:291:292:293:294:295:296:297:298:
     299:300:301:302:303:304:305:306:307:308:
     309:310:311:312:313:314:315:316:317:318:
     319:320:321:322:323:324:325:326:327:328:
     329:330:331:332:333:334:335:336:337:338:
     339:340:341:342:343:344:345:346:347:348:
     349:350:351:352:353:354:355:356:357:358:
     359:360:361:362:363:364:365:366:367:368:
     369:370:371:372:373:374:375:376:377:378:
     379:380:381:382:383:384:385:386:387:388:
     389:390:391:392:393:394:395:396:397:398:
     399:400:401:402:403:404:405:406:407:408:
     409:410:411:412:413:414:415:416:417:418:
     419:420:421:422:423:424:425:426:427:428:
     429:430:431:432:433:434:435:436:437:438:
     439:440:441:442:443:444:445:446:447:448:
     449:450:451:452:453:454:455:456:457:458:
     459:460:461:462:463:464:465:466:467:468:
     469:470:471:472:473:474:475:476:477:478:
     479:480:481:482:483:484:485:486:487:488:
     489:490:491:492:493:494:495:496:497:498:
     499:500:501:502:503:504:505:506:507:508:
     509:510:511:512:513:514:515:516:517:518:
     519:520:521:522:523:524:525:526:527:528:
     529:530:531:532:533:534:535:536:537:538:
     539:540:541:542:543:544:545:546:547:548:
     549:550:551:552:553:554:555:556:557:558:
     559:560:561:562:563:564:565:566:567:568:
     569:570:571:572:573:574:575:576:577:578:
     579:580) (
     581:582:583:584:585:586:587:588:589:590:
     591:592:593:594:595:596:597:598:599:600:
     601:602:603:604:605:606:607:608:609:610:
     611:612:613:614:615:616:617:618:619:620:
     621:622:623:624:625:626:627:628:629:630:
     631:632:633:634:635:636:637:638:639:640:
     641:642:643:644:645:646:647:648:649:650:
     651:652:653:654:655:656:657:658:659:660:
     661:662:663:664:665:666:667:668:669:670:
     671:672:673:674:675:676:677:678:679:680:
     681:682:683:684:685:686:687:688:689:690:
     691:692:693:694:695:696:697:698:699:700:
     701:702:703:704:705:706:707:708:709:710:
     711:712:713:714:715:716:717:718:719:720:
     721:722:723:724:725:726:727:728:729:730:
     731:732:733:734:735:736:737:738:739:740:
     741:742:743:744:745:746:747:748:749:750:
     751:752:753:754:755:756:757:758:759:760:
     761:762:763:764:765:766:767:768:769:770:
     771:772:773:774:775:776:777:778:779:780:
     781:782:783:784:785:786:787:788:789:790:
     791:792:793:794:795:796:797:798:799:800:
     801:802:803:804:805:806:807:808:809:810:
     811:812) imp:p=1
999 0 999 imp:p=0
c ---------- END Cells ---------

c ---------- Surfaces ---------
1 p 0.0541453 0 0.998533 7.489
2 p 0.161781 0 0.986827 7.489
3 p 0.267523 0 0.963551 7.489
4 p 0.370133 0 0.928979 7.489
5 p 0.468415 0 0.883509 7.489
6 p 0.561182 0 0.827693 7.489
7 p 0.647384 0 0.762164 7.48901
8 p 0.725996 0 0.687699 7.48901
9 p 0.796097 0 0.605169 7.489
10 p 0.856859 0 0.515551 7.489
11 p 0.907572 0 0.419897 7.489
12 p 0.947658 0 0.319288 7.489
13 p 0.976619 0 0.214977 7.489
14 p 0.994138 0 0.108118 7.489
15 p 1 0 0 7.489
16 p 0.994138 0 -0.108118 7.489
17 p 0.976619 0 -0.214977 7.489
18 p 0.947658 0 -0.319288 7.489
19 p 0.907572 0 -0.419897 7.489
20 p 0.856859 0 -0.515551 7.489
21 p 0.796097 0 -0.605169 7.489
22 p 0.725996 0 -0.687699 7.48901
23 p 0.647384 0 -0.762164 7.48901
24 p 0.561182 0 -0.827693 7.489
25 p 0.468415 0 -0.883509 7.489
26 p 0.370133 0 -0.928979 7.489
27 p 0.267523 0 -0.963551 7.489
28 p 0.161781 0 -0.986827 7.489
29 p 0.0541453 0 -0.998533 7.489
30 p -0.0541453 -5.91668e-17 -0.998533 7.489
31 p -0.161781 -0 -0.986827 7.489
32 p -0.267523 -0 -0.963551 7.489
33 p -0.370133 -0 -0.928979 7.489
34 p -0.468415 -0 -0.883509 7.489
35 p -0.561182 -0 -0.827693 7.489
36 p -0.647384 -0 -0.762164 7.48901
37 p -0.725996 -0 -0.687699 7.48901
38 p -0.796097 -0 -0.605169 7.489
39 p -0.856859 -0 -0.515551 7.489
40 p -0.907572 -0 -0.419897 7.489
41 p -0.947658 -0 -0.319288 7.489
42 p -0.976619 -0 -0.214977 7.489
43 p -0.994138 -0 -0.108118 7.489
44 p -1 0 0 7.489
45 p -0.994138 0 0.108118 7.489
46 p -0.976619 0 0.214977 7.489
47 p -0.947658 0 0.319288 7.489
48 p -0.907572 0 0.419897 7.489
49 p -0.856859 0 0.515551 7.489
50 p -0.796097 0 0.605169 7.489
51 p -0.725996 0 0.687699 7.48901
52 p -0.647384 0 0.762164 7.48901
53 p -0.561182 0 0.827693 7.489
54 p -0.468415 0 0.883509 7.489
55 p -0.370133 0 0.928979 7.489
56 p -0.267523 0 0.963551 7.489
57 p -0.161781 0 0.986827 7.489
58 p -0.0541453 0 0.998533 7.489
59 p -0.0541453 0 0.998533 7.489
60 p -0.161781 0 0.986827 7.489
61 p -0.267523 0 0.963551 7.489
62 p -0.370133 0 0.928979 7.489
63 p -0.468415 0 0.883509 7.489
64 p -0.561182 0 0.827693 7.489
65 p -0.647384 0 0.762164 7.48901
66 p -0.725996 0 0.687699 7.48901
67 p -0.796097 0 0.605169 7.489
68 p -0.856859 0 0.515551 7.489
69 p -0.907572 0 0.419897 7.489
70 p -0.947658 0 0.319288 7.489
71 p -0.976619 0 0.214977 7.489
72 p -0.994138 0 0.108118 7.489
73 p -1 0 0 7.489
74 p -0.994138 0 -0.108118 7.489
75 p -0.976619 0 -0.214977 7.489
76 p -0.947658 0 -0.319288 7.489
77 p -0.907572 0 -0.419897 7.489
78 p -0.856859 0 -0.515551 7.489
79 p -0.796097 0 -0.605169 7.489
80 p -0.725996 0 -0.687699 7.48901
81 p -0.647384 0 -0.762164 7.48901
82 p -0.561182 0 -0.827693 7.489
83 p -0.468415 0 -0.883509 7.489
84 p -0.370133 0 -0.928979 7.489
85 p -0.267523 0 -0.963551 7.489
86 p -0.161781 0 -0.986827 7.489
87 p -0.0541453 0 -0.998533 7.489
88 p 0.0541453 5.91668e-17 -0.998533 7.489
89 p 0.161781 0 -0.986827 7.489
90 p 0.267523 0 -0.963551 7.489
91 p 0.370133 0 -0.928979 7.489
92 p 0.468415 0 -0.883509 7.489
93 p 0.561182 0 -0.827693 7.489
94 p 0.647384 0 -0.762164 7.48901
95 p 0.725996 0 -0.687699 7.48901
96 p 0.796097 0 -0.605169 7.489
97 p 0.856859 0 -0.515551 7.489
98 p 0.907572 0 -0.419897 7.489
99 p 0.947658 0 -0.319288 7.489
100 p 0.976619 0 -0.214977 7.489
101 p 0.994138 0 -0.108118 7.489
102 p 1 0 0 7.489
103 p 0.994138 -0 0.108118 7.489
104 p 0.976619 -0 0.214977 7.489
105 p 0.947658 -0 0.319288 7.489
106 p 0.907572 -0 0.419897 7.489
107 p 0.856859 -0 0.515551 7.489
108 p 0.796097 -0 0.605169 7.489
109 p 0.725996 -0 0.687699 7.48901
110 p 0.647384 -0 0.762164 7.48901
111 p 0.561182 -0 0.827693 7.489
112 p 0.468415 -0 0.883509 7.489
113 p 0.370133 -0 0.928979 7.489
114 p 0.267523 -0 0.963551 7.489
115 p 0.161781 -0 0.986827 7.489
116 p 0.0541453 -0 0.998533 7.489
117 p 0 -1 0 9.04
118 p 0 -1 -0 9.04
119 p 0 -1 0 9.04
120 p 0 -1 0 9.04
121 p 0 -1 0 9.04
122 p 0 -1 -0 9.04
123 p 0 -1 0 9.04
124 p 0 -1 -0 9.04
125 p 0 -1 0 9.04
126 p 0 -1 -0 9.04
127 p 0 -1 0 9.04
128 p 0 -1 0 9.04
129 p 0 -1 0 9.04
130 p -0 -1 0 9.04
131 p 0 -1 0 9.04
132 p -0 -1 0 9.04
133 p 0 -1 0 9.04
134 p -0 -1 0 9.04
135 p 0 -1 0 9.04
136 p 0 -1 0 9.04
137 p 0 -1 0 9.04
138 p 0 -1 -0 9.04
139 p 0 -1 0 9.04
140 p -0 -1 0 9.04
141 p 0 -1 0 9.04
142 p 0 -1 0 9.04
143 p 0 -1 0 9.04
144 p 0 -1 0 9.04
145 p 0 -1 0 9.04
146 p 0 -1 0 9.04
147 p 0 -1 0 9.04
148 p 0 -1 0 9.04
149 p 0 -1 0 9.04
150 p -0 -1 0 9.04
151 p 0 -1 0 9.04
152 p 0 -1 0 9.04
153 p 0 -1 0 9.04
154 p 0 -1 0 9.04
155 p 0 -1 0 9.04
156 p 0 -1 0 9.04
157 p 0 -1 0 9.04
158 p 0 -1 0 9.04
159 p 0 -1 0 9.04
160 p -0 -1 0 9.04
161 p 0 -1 0 9.04
162 p 0 -1 0 9.04
163 p 0 -1 0 9.04
164 p -0 -1 0 9.04
165 p 0 -1 0 9.04
166 p 0 -1 0 9.04
167 p 0 -1 0 9.04
168 p 0 -1 0 9.04
169 p 0 -1 0 9.04
170 p -0 -1 0 9.04
171 p -0 -1 0 9.04
172 p -0 -1 0 9.04
173 p 0 -1 0 9.04
174 p 0 -1 0 9.04
175 p 0 -1 0 9.04
176 p 0 -1 -0 9.04
177 p 0 -1 0 9.04
178 p 0 -1 0 9.04
179 p 0 -1 0 9.04
180 p -0 -1 0 9.04
181 p -0 -1 0 9.04
182 p 0 -1 0 9.04
183 p 0 -1 0 9.04
184 p -0 -1 0 9.04
185 p 0 -1 0 9.04
186 p -0 -1 0 9.04
187 p 0 -1 0 9.04
188 p 0 -1 0 9.04
189 p 0 -1 0 9.04
190 p 0 -1 0 9.04
191 p 0 -1 0 9.04
192 p -0 -1 0 9.04
193 p 0 -1 0 9.04
194 p 0 -1 0 9.04
195 p 0 -1 0 9.04
196 p 0 -1 0 9.04
197 p 0 -1 0 9.04
198 p 0 -1 -0 9.04
199 p 0 -1 0 9.04
200 p -0 -1 0 9.04
201 p -0 -1 0 9.04
202 p -0 -1 0 9.04
203 p 0 -1 -0 9.04
204 p 0 -1 0 9.04
205 p 0 -1 0 9.04
206 p 0 -1 0 9.04
207 p 0 -1 0 9.04
208 p 0 -1 0 9.04
209 p 0 -1 0 9.04
210 p 0 -1 0 9.04
211 p 0 -1 0 9.04
212 p 0 -1 0 9.04
213 p 0 -1 0 9.04
214 p 0 -1 0 9.04
215 p 0 -1 0 9.04
216 p -0 -1 0 9.04
217 p 0 -1 0 9.04
218 p 0 -1 -0 9.04
219 p 0 -1 0 9.04
220 p 0 -1 -0 9.04
221 p 0 -1 -0 9.04
222 p 0 -1 0 9.04
223 p 0 -1 0 9.04
224 p 0 -1 0 9.04
225 p 0 -1 0 9.04
226 p 0 -1 -0 9.04
227 p 0 -1 0 9.04
228 p 0 -1 0 9.04
229 p 0 -1 0 9.04
230 p 0 -1 0 9.04
231 p 0 -1 0 9.04
232 p 0 -1 0 9.04
233 p 0 1 0 -6.5
234 p 0 1 0 -6.5
235 p 0 1 0 -6.5
236 p 0 1 0 -6.5
237 p -0 1 0 -6.5
238 p -0 1 0 -6.5
239 p -0 1 0 -6.5
240 p -0 1 0 -6.5
241 p 0 1 0 -6.5
242 p 0 1 0 -6.5
243 p 0 1 0 -6.5
244 p -0 1 0 -6.5
245 p 0 1 0 -6.5
246 p 0 1 0 -6.5
247 p 0 1 0 -6.5
248 p 0 1 -0 -6.5
249 p 0 1 0 -6.5
250 p 0 1 0 -6.5
251 p 0 1 0 -6.5
252 p 0 1 0 -6.5
253 p -0 1 0 -6.5
254 p 0 1 0 -6.5
255 p -0 1 0 -6.5
256 p 0 1 0 -6.5
257 p 0 1 0 -6.5
258 p 0 1 0 -6.5
259 p 0 1 0 -6.5
260 p 0 1 0 -6.5
261 p 0 1 0 -6.5
262 p -0 1 0 -6.5
263 p -0 1 0 -6.5
264 p -0 1 0 -6.5
265 p -0 1 0 -6.5
266 p 0 1 0 -6.5
267 p -0 1 0 -6.5
268 p 0 1 0 -6.5
269 p 0 1 0 -6.5
270 p 0 1 -0 -6.5
271 p 0 1 0 -6.5
272 p 0 1 0 -6.5
273 p 0 1 0 -6.5
274 p 0 1 -0 -6.5
275 p 0 1 0 -6.5
276 p 0 1 0 -6.5
277 p 0 1 0 -6.5
278 p -0 1 0 -6.5
279 p -0 1 0 -6.5
280 p -0 1 0 -6.5
281 p 0 1 0 -6.5
282 p 0 1 0 -6.5
283 p 0 1 0 -6.5
284 p 0 1 0 -6.5
285 p 0 1 0 -6.5
286 p -0 1 0 -6.5
287 p 0 1 0 -6.5
288 p 0 1 0 -6.5
289 p 0 1 0 -6.5
290 p 0 1 0 -6.5
291 p 0 1 0 -6.5
292 p 0 1 0 -6.5
293 p 0 1 0 -6.5
294 p -0 1 0 -6.5
295 p 0 1 0 -6.5
296 p 0 1 0 -6.5
297 p 0 1 0 -6.5
298 p -0 1 0 -6.5
299 p 0 1 0 -6.5
300 p 0 1 0 -6.5
301 p 0 1 0 -6.5
302 p 0 1 -0 -6.5
303 p 0 1 0 -6.5
304 p 0 1 0 -6.5
305 p 0 1 0 -6.5
306 p 0 1 0 -6.5
307 p 0 1 0 -6.5
308 p 0 1 0 -6.5
309 p 0 1 0 -6.5
310 p 0 1 0 -6.5
311 p 0 1 0 -6.5
312 p 0 1 0 -6.5
313 p 0 1 0 -6.5
314 p 0 1 -0 -6.5
315 p 0 1 0 -6.5
316 p -0 1 0 -6.5
317 p 0 1 0 -6.5
318 p 0 1 0 -6.5
319 p 0 1 -0 -6.5
320 p 0 1 0 -6.5
321 p 0 1 0 -6.5
322 p 0 1 -0 -6.5
323 p 0 1 0 -6.5
324 p 0 1 0 -6.5
325 p 0 1 -0 -6.5
326 p -0 1 0 -6.5
327 p 0 1 0 -6.5
328 p -0 1 0 -6.5
329 p 0 1 0 -6.5
330 p 0 1 0 -6.5
331 p 0 1 0 -6.5
332 p 0 1 0 -6.5
333 p 0 1 -0 -6.5
334 p 0 1 0 -6.5
335 p 0 1 0 -6.5
336 p 0 1 -0 -6.5
337 p 0 1 0 -6.5
338 p -0 1 0 -6.5
339 p 0 1 0 -6.5
340 p 0 1 0 -6.5
341 p 0 1 0 -6.5
342 p 0 1 -0 -6.5
343 p 0 1 0 -6.5
344 p 0 1 0 -6.5
345 p 0 1 0 -6.5
346 p 0 1 0 -6.5
347 p 0 1 0 -6.5
348 p 0 1 0 -6.5
349 p -0.0474303 0.48217 -0.874793 -3.96516
350 p -0.141729 0.48217 -0.864537 -3.96516
351 p -0.234377 0.48217 -0.844144 -3.96516
352 p -0.324268 0.48217 -0.813857 -3.96516
353 p -0.410369 0.48217 -0.774022 -3.96516
354 p -0.491642 0.482169 -0.725121 -3.96515
355 p -0.567162 0.482169 -0.667713 -3.96515
356 p -0.636028 0.482169 -0.60248 -3.96515
357 p -0.697437 0.48217 -0.530183 -3.96516
358 p -0.750678 0.48217 -0.451659 -3.96516
359 p -0.795106 0.48217 -0.367858 -3.96516
360 p -0.830219 0.48217 -0.27973 -3.96516
361 p -0.855595 0.482169 -0.188334 -3.96515
362 p -0.870942 0.48217 -0.0947238 -3.96516
363 p -0.876078 0.48217 0 -3.96516
364 p -0.870942 0.482169 0.0947239 -3.96515
365 p -0.855595 0.48217 0.188333 -3.96516
366 p -0.830219 0.48217 0.27973 -3.96516
367 p -0.795106 0.48217 0.367858 -3.96516
368 p -0.750678 0.48217 0.451659 -3.96516
369 p -0.697437 0.482169 0.530183 -3.96515
370 p -0.636028 0.482169 0.60248 -3.96515
371 p -0.567161 0.48217 0.667713 -3.96516
372 p -0.491642 0.48217 0.725121 -3.96516
373 p -0.410369 0.48217 0.774022 -3.96516
374 p -0.324268 0.48217 0.813856 -3.96516
375 p -0.234377 0.48217 0.844144 -3.96516
376 p -0.141729 0.48217 0.864537 -3.96516
377 p -0.0474303 0.48217 0.874793 -3.96516
378 p 0.0474303 0.48217 0.874793 -3.96516
379 p 0.141729 0.48217 0.864537 -3.96516
380 p 0.234377 0.48217 0.844144 -3.96516
381 p 0.324268 0.48217 0.813857 -3.96516
382 p 0.410369 0.48217 0.774022 -3.96516
383 p 0.491642 0.482169 0.725121 -3.96515
384 p 0.567162 0.482169 0.667713 -3.96515
385 p 0.636028 0.482169 0.60248 -3.96515
386 p 0.697437 0.48217 0.530183 -3.96516
387 p 0.750678 0.48217 0.451659 -3.96516
388 p 0.795106 0.48217 0.367858 -3.96516
389 p 0.830219 0.48217 0.27973 -3.96516
390 p 0.855595 0.482169 0.188334 -3.96515
391 p 0.870942 0.48217 0.0947238 -3.96516
392 p 0.876078 0.48217 -0 -3.96516
393 p 0.870942 0.482169 -0.0947239 -3.96515
394 p 0.855595 0.48217 -0.188333 -3.96516
395 p 0.830219 0.48217 -0.27973 -3.96516
396 p 0.795106 0.48217 -0.367858 -3.96516
397 p 0.750678 0.48217 -0.451659 -3.96516
398 p 0.697437 0.482169 -0.530183 -3.96515
399 p 0.636028 0.482169 -0.60248 -3.96515
400 p 0.567161 0.48217 -0.667713 -3.96516
401 p 0.491642 0.48217 -0.725121 -3.96516
402 p 0.410369 0.48217 -0.774022 -3.96516
403 p 0.324268 0.48217 -0.813856 -3.96516
404 p 0.234377 0.48217 -0.844144 -3.96516
405 p 0.141729 0.48217 -0.864537 -3.96516
406 p 0.0474303 0.48217 -0.874793 -3.96516
407 p 0.0474458 0.48217 -0.874792 -3.96516
408 p 0.141723 0.48217 -0.864539 -3.96516
409 p 0.23438 0.48217 -0.844143 -3.96516
410 p 0.324261 0.48217 -0.81386 -3.96516
411 p 0.410376 0.48217 -0.774018 -3.96516
412 p 0.491629 0.482169 -0.72513 -3.96515
413 p 0.567159 0.482169 -0.667715 -3.96515
414 p 0.636018 0.482169 -0.60249 -3.96515
415 p 0.697453 0.48217 -0.530161 -3.96516
416 p 0.750673 0.482169 -0.451666 -3.96515
417 p 0.795108 0.48217 -0.367852 -3.96516
418 p 0.830221 0.48217 -0.279724 -3.96516
419 p 0.85559 0.482169 -0.188358 -3.96515
420 p 0.870944 0.48217 -0.0946976 -3.96516
421 p 0.876078 0.48217 0 -3.96516
422 p 0.870945 0.482169 0.0946977 -3.96515
423 p 0.855589 0.48217 0.188358 -3.96516
424 p 0.830221 0.482169 0.279724 -3.96515
425 p 0.795109 0.482169 0.367852 -3.96515
426 p 0.750673 0.48217 0.451666 -3.96516
427 p 0.697454 0.482169 0.530162 -3.96515
428 p 0.636018 0.48217 0.602489 -3.96516
429 p 0.567159 0.48217 0.667715 -3.96516
430 p 0.491629 0.48217 0.72513 -3.96516
431 p 0.410376 0.48217 0.774018 -3.96516
432 p 0.324261 0.48217 0.813859 -3.96516
433 p 0.23438 0.48217 0.844144 -3.96516
434 p 0.141723 0.48217 0.864538 -3.96516
435 p 0.0474458 0.482169 0.874792 -3.96515
436 p -0.0474458 0.48217 0.874792 -3.96516
437 p -0.141723 0.48217 0.864539 -3.96516
438 p -0.23438 0.48217 0.844143 -3.96516
439 p -0.324261 0.48217 0.81386 -3.96516
440 p -0.410376 0.48217 0.774018 -3.96516
441 p -0.491629 0.482169 0.72513 -3.96515
442 p -0.567159 0.482169 0.667715 -3.96515
443 p -0.636018 0.482169 0.60249 -3.96515
444 p -0.697453 0.48217 0.530161 -3.96516
445 p -0.750673 0.482169 0.451666 -3.96515
446 p -0.795108 0.48217 0.367852 -3.96516
447 p -0.830221 0.48217 0.279724 -3.96516
448 p -0.85559 0.482169 0.188358 -3.96515
449 p -0.870944 0.48217 0.0946976 -3.96516
450 p -0.876078 0.48217 0 -3.96516
451 p -0.870945 0.482169 -0.0946977 -3.96515
452 p -0.855589 0.48217 -0.188358 -3.96516
453 p -0.830221 0.482169 -0.279724 -3.96515
454 p -0.795109 0.482169 -0.367852 -3.96515
455 p -0.750673 0.48217 -0.451666 -3.96516
456 p -0.697454 0.482169 -0.530162 -3.96515
457 p -0.636018 0.48217 -0.602489 -3.96516
458 p -0.567159 0.48217 -0.667715 -3.96516
459 p -0.491629 0.48217 -0.72513 -3.96516
460 p -0.410376 0.48217 -0.774018 -3.96516
461 p -0.324261 0.48217 -0.813859 -3.96516
462 p -0.23438 0.48217 -0.844144 -3.96516
463 p -0.141723 0.48217 -0.864538 -3.96516
464 p -0.0474458 0.482169 -0.874792 -3.96515
465 p -0.0474303 -0.48217 0.874793 3.52776
466 p -0.141729 -0.48217 0.864538 3.52776
467 p -0.234377 -0.48217 0.844145 3.52776
468 p -0.324268 -0.48217 0.813857 3.52776
469 p -0.410369 -0.48217 0.774022 3.52776
470 p -0.491642 -0.482169 0.725121 3.52776
471 p -0.567162 -0.482169 0.667713 3.52776
472 p -0.636028 -0.482169 0.60248 3.52775
473 p -0.697437 -0.48217 0.530183 3.52776
474 p -0.750678 -0.482169 0.451659 3.52776
475 p -0.795106 -0.482169 0.367858 3.52776
476 p -0.830219 -0.482169 0.27973 3.52776
477 p -0.855595 -0.482169 0.188334 3.52775
478 p -0.870942 -0.48217 0.0947238 3.52776
479 p -0.876078 -0.48217 0 3.52776
480 p -0.870942 -0.482169 -0.0947239 3.52775
481 p -0.855595 -0.482169 -0.188334 3.52776
482 p -0.830219 -0.482169 -0.27973 3.52776
483 p -0.795106 -0.482169 -0.367858 3.52776
484 p -0.750678 -0.48217 -0.451659 3.52776
485 p -0.697437 -0.482169 -0.530183 3.52775
486 p -0.636028 -0.482169 -0.60248 3.52776
487 p -0.567162 -0.482169 -0.667713 3.52776
488 p -0.491642 -0.482169 -0.725121 3.52776
489 p -0.410369 -0.482169 -0.774022 3.52776
490 p -0.324268 -0.48217 -0.813857 3.52776
491 p -0.234377 -0.48217 -0.844145 3.52776
492 p -0.141729 -0.48217 -0.864538 3.52776
493 p -0.0474303 -0.482169 -0.874793 3.52776
494 p 0.0474303 -0.48217 -0.874793 3.52776
495 p 0.141729 -0.48217 -0.864538 3.52776
496 p 0.234377 -0.48217 -0.844145 3.52776
497 p 0.324268 -0.48217 -0.813857 3.52776
498 p 0.410369 -0.48217 -0.774022 3.52776
499 p 0.491642 -0.482169 -0.725121 3.52776
500 p 0.567162 -0.482169 -0.667713 3.52776
501 p 0.636028 -0.482169 -0.60248 3.52775
502 p 0.697437 -0.48217 -0.530183 3.52776
503 p 0.750678 -0.482169 -0.451659 3.52776
504 p 0.795106 -0.482169 -0.367858 3.52776
505 p 0.830219 -0.482169 -0.27973 3.52776
506 p 0.855595 -0.482169 -0.188334 3.52775
507 p 0.870942 -0.48217 -0.0947238 3.52776
508 p 0.876078 -0.48217 0 3.52776
509 p 0.870942 -0.482169 0.0947239 3.52775
510 p 0.855595 -0.482169 0.188334 3.52776
511 p 0.830219 -0.482169 0.27973 3.52776
512 p 0.795106 -0.482169 0.367858 3.52776
513 p 0.750678 -0.48217 0.451659 3.52776
514 p 0.697437 -0.482169 0.530183 3.52775
515 p 0.636028 -0.482169 0.60248 3.52776
516 p 0.567162 -0.482169 0.667713 3.52776
517 p 0.491642 -0.482169 0.725121 3.52776
518 p 0.410369 -0.482169 0.774022 3.52776
519 p 0.324268 -0.48217 0.813857 3.52776
520 p 0.234377 -0.48217 0.844145 3.52776
521 p 0.141729 -0.48217 0.864538 3.52776
522 p 0.0474303 -0.482169 0.874793 3.52776
523 p 0.0474458 -0.48217 0.874792 3.52776
524 p 0.141723 -0.482169 0.864539 3.52776
525 p 0.23438 -0.48217 0.844144 3.52776
526 p 0.324261 -0.482169 0.81386 3.52776
527 p 0.410376 -0.48217 0.774018 3.52776
528 p 0.491629 -0.482169 0.72513 3.52775
529 p 0.567159 -0.482169 0.667715 3.52776
530 p 0.636019 -0.482169 0.60249 3.52775
531 p 0.697453 -0.48217 0.530162 3.52776
532 p 0.750673 -0.482169 0.451666 3.52776
533 p 0.795109 -0.482169 0.367852 3.52776
534 p 0.830221 -0.48217 0.279724 3.52776
535 p 0.85559 -0.482168 0.188358 3.52775
536 p 0.870944 -0.48217 0.0946976 3.52776
537 p 0.876078 -0.48217 0 3.52776
538 p 0.870945 -0.482168 -0.0946977 3.52775
539 p 0.85559 -0.48217 -0.188358 3.52776
540 p 0.830221 -0.482169 -0.279724 3.52776
541 p 0.795109 -0.482169 -0.367852 3.52775
542 p 0.750673 -0.48217 -0.451666 3.52776
543 p 0.697454 -0.482168 -0.530162 3.52775
544 p 0.636018 -0.48217 -0.602489 3.52776
545 p 0.567159 -0.482169 -0.667715 3.52776
546 p 0.491629 -0.48217 -0.72513 3.52776
547 p 0.410376 -0.482169 -0.774018 3.52776
548 p 0.324261 -0.48217 -0.813859 3.52776
549 p 0.23438 -0.48217 -0.844144 3.52776
550 p 0.141723 -0.48217 -0.864539 3.52776
551 p 0.0474458 -0.482169 -0.874793 3.52775
552 p -0.0474458 -0.48217 -0.874792 3.52776
553 p -0.141723 -0.482169 -0.864539 3.52776
554 p -0.23438 -0.48217 -0.844144 3.52776
555 p -0.324261 -0.482169 -0.81386 3.52776
556 p -0.410376 -0.48217 -0.774018 3.52776
557 p -0.491629 -0.482169 -0.72513 3.52775
558 p -0.567159 -0.482169 -0.667715 3.52776
559 p -0.636019 -0.482169 -0.60249 3.52775
560 p -0.697453 -0.48217 -0.530162 3.52776
561 p -0.750673 -0.482169 -0.451666 3.52776
562 p -0.795109 -0.482169 -0.367852 3.52776
563 p -0.830221 -0.48217 -0.279724 3.52776
564 p -0.85559 -0.482168 -0.188358 3.52775
565 p -0.870944 -0.48217 -0.0946976 3.52776
566 p -0.876078 -0.48217 -0 3.52776
567 p -0.870945 -0.482168 0.0946977 3.52775
568 p -0.85559 -0.48217 0.188358 3.52776
569 p -0.830221 -0.482169 0.279724 3.52776
570 p -0.795109 -0.482169 0.367852 3.52775
571 p -0.750673 -0.48217 0.451666 3.52776
572 p -0.697454 -0.482168 0.530162 3.52775
573 p -0.636018 -0.48217 0.602489 3.52776
574 p -0.567159 -0.482169 0.667715 3.52776
575 p -0.491629 -0.48217 0.72513 3.52776
576 p -0.410376 -0.482169 0.774018 3.52776
577 p -0.324261 -0.48217 0.813859 3.52776
578 p -0.23438 -0.48217 0.844144 3.52776
579 p -0.141723 -0.48217 0.864539 3.52776
580 p -0.0474458 -0.482169 0.874793 3.52775
581 p 0 -1 0 0
582 p 0 -1 0 0
583 p 0 -1 0 0
584 p 0 -1 0 0
585 p 0 -1 0 0
586 p 0 -1 0 0
587 p 0 -1 0 0
588 p 0 -1 0 0
589 p 0 -1 0 0
590 p 0 -1 0 0
591 p 0 -1 0 0
592 p 0 -1 0 0
593 p 0 -1 0 0
594 p 0 -1 0 0
595 p -0 -1 0 0
596 p -0 -1 0 0
597 p -0 -1 0 0
598 p -0 -1 0 0
599 p -0 -1 0 0
600 p -0 -1 0 0
601 p -0 -1 0 0
602 p -0 -1 0 0
603 p -0 -1 0 0
604 p -0 -1 0 0
605 p -0 -1 0 0
606 p -0 -1 0 0
607 p -0 -1 0 0
608 p -0 -1 0 0
609 p 0 -1 -0 0
610 p 0 -1 -0 -0
611 p 0 -1 -0 -0
612 p 0 -1 -0 -0
613 p 0 -1 -0 -0
614 p 0 -1 -0 -0
615 p 0 -1 -0 -0
616 p 0 -1 -0 -0
617 p 0 -1 -0 -0
618 p 0 -1 -0 -0
619 p 0 -1 -0 -0
620 p 0 -1 -0 -0
621 p 0 -1 -0 -0
622 p 0 -1 -0 -0
623 p 0 -1 0 0
624 p 0 -1 0 -0
625 p 0 -1 0 -0
626 p 0 -1 0 -0
627 p 0 -1 0 -0
628 p 0 -1 0 -0
629 p 0 -1 0 -0
630 p 0 -1 0 -0
631 p 0 -1 0 -0
632 p 0 -1 0 -0
633 p 0 -1 0 -0
634 p 0 -1 0 -0
635 p 0 -1 0 -0
636 p 0 -1 0 -0
637 p 0 -1 0 -0
638 p 0 -1 0 0
639 p 0.0541406 0 0.998533 4.4934
640 p 0.161785 0 0.986826 4.4934
641 p 0.267521 0 0.963552 4.4934
642 p 0.370141 0 0.928976 4.4934
643 p 0.468407 0 0.883513 4.4934
644 p 0.56119 0 0.827687 4.4934
645 p 0.64738 0 0.762167 4.4934
646 p 0.725996 0 0.687699 4.4934
647 p 0.796097 0 0.605169 4.4934
648 p 0.856859 0 0.515552 4.4934
649 p 0.90757 0 0.419901 4.4934
650 p 0.947658 0 0.319286 4.4934
651 p 0.976618 0 0.214981 4.4934
652 p 0.994138 0 0.108117 4.4934
653 p 1 0 0 4.4934
654 p 0.994138 0 -0.108117 4.4934
655 p 0.976618 0 -0.214981 4.4934
656 p 0.947658 0 -0.319286 4.4934
657 p 0.90757 0 -0.419901 4.4934
658 p 0.856859 0 -0.515552 4.4934
659 p 0.796097 0 -0.605169 4.4934
660 p 0.725996 0 -0.687699 4.4934
661 p 0.64738 0 -0.762167 4.4934
662 p 0.56119 0 -0.827687 4.4934
663 p 0.468407 0 -0.883513 4.4934
664 p 0.370141 0 -0.928976 4.4934
665 p 0.267521 0 -0.963552 4.4934
666 p 0.161785 0 -0.986826 4.4934
667 p 0.0541406 0 -0.998533 4.4934
668 p -0.0541406 -5.42479e-17 -0.998533 4.4934
669 p -0.161785 -0 -0.986826 4.4934
670 p -0.267521 -0 -0.963552 4.4934
671 p -0.370141 -0 -0.928976 4.4934
672 p -0.468407 -0 -0.883513 4.4934
673 p -0.56119 -0 -0.827687 4.4934
674 p -0.64738 -0 -0.762167 4.4934
675 p -0.725996 -0 -0.687699 4.4934
676 p -0.796097 -0 -0.605169 4.4934
677 p -0.856859 -0 -0.515552 4.4934
678 p -0.90757 -0 -0.419901 4.4934
679 p -0.947658 -0 -0.319286 4.4934
680 p -0.976618 -0 -0.214981 4.4934
681 p -0.994138 -0 -0.108117 4.4934
682 p -1 0 0 4.4934
683 p -0.994138 0 0.108117 4.4934
684 p -0.976618 0 0.214981 4.4934
685 p -0.947658 0 0.319286 4.4934
686 p -0.90757 0 0.419901 4.4934
687 p -0.856859 0 0.515552 4.4934
688 p -0.796097 0 0.605169 4.4934
689 p -0.725996 0 0.687699 4.4934
690 p -0.64738 0 0.762167 4.4934
691 p -0.56119 0 0.827687 4.4934
692 p -0.468407 0 0.883513 4.4934
693 p -0.370141 0 0.928976 4.4934
694 p -0.267521 0 0.963552 4.4934
695 p -0.161785 0 0.986826 4.4934
696 p -0.0541406 0 0.998533 4.4934
697 p -0.0541406 0 0.998533 4.4934
698 p -0.161785 0 0.986826 4.4934
699 p -0.267521 0 0.963552 4.4934
700 p -0.370141 0 0.928976 4.4934
701 p -0.468407 0 0.883513 4.4934
702 p -0.56119 0 0.827687 4.4934
703 p -0.64738 0 0.762167 4.4934
704 p -0.725996 0 0.687699 4.4934
705 p -0.796097 0 0.605169 4.4934
706 p -0.856859 0 0.515552 4.4934
707 p -0.90757 0 0.419901 4.4934
708 p -0.947658 0 0.319286 4.4934
709 p -0.976618 0 0.214981 4.4934
710 p -0.994138 0 0.108117 4.4934
711 p -1 0 0 4.4934
712 p -0.994138 0 -0.108117 4.4934
713 p -0.976618 0 -0.214981 4.4934
714 p -0.947658 0 -0.319286 4.4934
715 p -0.90757 0 -0.419901 4.4934
716 p -0.856859 0 -0.515552 4.4934
717 p -0.796097 0 -0.605169 4.4934
718 p -0.725996 0 -0.687699 4.4934
719 p -0.64738 0 -0.762167 4.4934
720 p -0.56119 0 -0.827687 4.4934
721 p -0.468407 0 -0.883513 4.4934
722 p -0.370141 0 -0.928976 4.4934
723 p -0.267521 0 -0.963552 4.4934
724 p -0.161785 0 -0.986826 4.4934
725 p -0.0541406 0 -0.998533 4.4934
726 p 0.0541406 5.42479e-17 -0.998533 4.4934
727 p 0.161785 0 -0.986826 4.4934
728 p 0.267521 0 -0.963552 4.4934
729 p 0.370141 0 -0.928976 4.4934
730 p 0.468407 0 -0.883513 4.4934
731 p 0.56119 0 -0.827687 4.4934
732 p 0.64738 0 -0.762167 4.4934
733 p 0.725996 0 -0.687699 4.4934
734 p 0.796097 0 -0.605169 4.4934
735 p 0.856859 0 -0.515552 4.4934
736 p 0.90757 0 -0.419901 4.4934
737 p 0.947658 0 -0.319286 4.4934
738 p 0.976618 0 -0.214981 4.4934
739 p 0.994138 0 -0.108117 4.4934
740 p 1 0 0 4.4934
741 p 0.994138 -0 0.108117 4.4934
742 p 0.976618 -0 0.214981 4.4934
743 p 0.947658 -0 0.319286 4.4934
744 p 0.90757 -0 0.419901 4.4934
745 p 0.856859 -0 0.515552 4.4934
746 p 0.796097 -0 0.605169 4.4934
747 p 0.725996 -0 0.687699 4.4934
748 p 0.64738 -0 0.762167 4.4934
749 p 0.56119 -0 0.827687 4.4934
750 p 0.468407 -0 0.883513 4.4934
751 p 0.370141 -0 0.928976 4.4934
752 p 0.267521 -0 0.963552 4.4934
753 p 0.161785 -0 0.986826 4.4934
754 p 0.0541406 -0 0.998533 4.4934
755 p 0 1 0 1.1
756 p 0 1 -0 1.1
757 p 0 1 -0 1.1
758 p 0 1 -0 1.1
759 p 0 1 -0 1.1
760 p 0 1 -0 1.1
761 p 0 1 -0 1.1
762 p 0 1 -0 1.1
763 p 0 1 -0 1.1
764 p 0 1 -0 1.1
765 p 0 1 -0 1.1
766 p 0 1 -0 1.1
767 p 0 1 -0 1.1
768 p 0 1 0 1.1
769 p -0 1 0 1.1
770 p -0 1 0 1.1
771 p -0 1 0 1.1
772 p -0 1 0 1.1
773 p -0 1 0 1.1
774 p -0 1 0 1.1
775 p -0 1 0 1.1
776 p -0 1 0 1.1
777 p -0 1 0 1.1
778 p -0 1 0 1.1
779 p -0 1 0 1.1
780 p -0 1 0 1.1
781 p -0 1 0 1.1
782 p -0 1 0 1.1
783 p 0 1 0 1.1
784 p 0 1 0 1.1
785 p 0 1 0 1.1
786 p 0 1 0 1.1
787 p 0 1 0 1.1
788 p 0 1 0 1.1
789 p 0 1 0 1.1
790 p 0 1 0 1.1
791 p 0 1 0 1.1
792 p 0 1 0 1.1
793 p 0 1 0 1.1
794 p 0 1 0 1.1
795 p 0 1 0 1.1
796 p 0 1 0 1.1
797 p 0 1 0 1.1
798 p 0 1 0 1.1
799 p 0 1 0 1.1
800 p 0 1 0 1.1
801 p 0 1 0 1.1
802 p 0 1 0 1.1
803 p 0 1 0 1.1
804 p 0 1 0 1.1
805 p 0 1 0 1.1
806 p 0 1 0 1.1
807 p 0 1 0 1.1
808 p 0 1 0 1.1
809 p 0 1 0 1.1
810 p 0 1 0 1.1
811 p 0 1 0 1.1
812 p 0 1 0 1.1
999 SO 300
c ---------- END Surfaces ---------
